# Reference: ASTM, 2000. Standard Solar Constant and Air Mass Zero
# Solar Spectral Irradiance Tables, Standard E490-00, American Society
# for Testing and Materials, West Conshohocken, PA.
#
# Table 4: Abridged version
#
# Wavelength(micron)   E-490 (W/m2/micron)
1.400000000000000133e-01 9.833000000000000074e-02
1.600000000000000033e-01 3.195000000000000062e-01
1.799999999999999933e-01 2.041999999999999815e+00
2.000000000000000111e-01 1.083000000000000007e+01
2.200000000000000011e-01 4.492999999999999972e+01
2.300000000000000100e-01 4.964000000000000057e+01
2.399999999999999911e-01 5.182999999999999829e+01
2.500000000000000000e-01 5.981000000000000227e+01
2.600000000000000089e-01 1.290999999999999943e+02
2.700000000000000178e-01 2.220999999999999943e+02
2.800000000000000266e-01 2.129000000000000057e+02
2.899999999999999800e-01 4.410000000000000000e+02
2.999999999999999889e-01 5.260000000000000000e+02
3.099999999999999978e-01 6.345000000000000000e+02
3.200000000000000067e-01 7.465000000000000000e+02
3.300000000000000155e-01 9.487000000000000455e+02
3.400000000000000244e-01 9.472999999999999545e+02
3.499999999999999778e-01 9.695000000000000000e+02
3.599999999999999867e-01 9.852000000000000455e+02
3.699999999999999956e-01 1.129000000000000000e+03
3.800000000000000044e-01 1.091000000000000000e+03
3.900000000000000133e-01 1.093000000000000000e+03
4.000000000000000222e-01 1.518000000000000000e+03
4.099999999999999756e-01 1.712000000000000000e+03
4.199999999999999845e-01 1.740000000000000000e+03
4.299999999999999933e-01 1.625000000000000000e+03
4.400000000000000022e-01 1.826000000000000000e+03
4.500000000000000111e-01 2.030000000000000000e+03
4.600000000000000200e-01 2.077000000000000000e+03
4.699999999999999734e-01 2.049000000000000000e+03
4.799999999999999822e-01 2.057000000000000000e+03
4.899999999999999911e-01 1.955000000000000000e+03
5.000000000000000000e-01 1.948000000000000000e+03
5.100000000000000089e-01 1.911000000000000000e+03
5.200000000000000178e-01 1.806000000000000000e+03
5.300000000000000266e-01 1.861000000000000000e+03
5.400000000000000355e-01 1.861000000000000000e+03
5.500000000000000444e-01 1.867000000000000000e+03
5.600000000000000533e-01 1.808000000000000000e+03
5.699999999999999512e-01 1.797000000000000000e+03
5.799999999999999600e-01 1.801000000000000000e+03
5.899999999999999689e-01 1.758000000000000000e+03
5.999999999999999778e-01 1.745000000000000000e+03
6.199999999999999956e-01 1.663000000000000000e+03
6.400000000000000133e-01 1.610000000000000000e+03
6.600000000000000311e-01 1.527000000000000000e+03
6.800000000000000488e-01 1.485000000000000000e+03
6.999999999999999556e-01 1.438000000000000000e+03
7.199999999999999734e-01 1.360000000000000000e+03
7.500000000000000000e-01 1.272000000000000000e+03
8.000000000000000444e-01 1.132000000000000000e+03
9.000000000000000222e-01 8.826000000000000227e+02
1.000000000000000000e+00 7.197000000000000455e+02
1.199999999999999956e+00 4.871000000000000227e+02
1.399999999999999911e+00 3.425000000000000000e+02
1.600000000000000089e+00 2.435000000000000000e+02
1.800000000000000044e+00 1.670999999999999943e+02
2.000000000000000000e+00 1.150000000000000000e+02
2.200000000000000178e+00 8.173000000000000398e+01
2.399999999999999911e+00 5.878000000000000114e+01
2.600000000000000089e+00 4.385999999999999943e+01
2.799999999999999822e+00 3.342999999999999972e+01
3.000000000000000000e+00 2.592999999999999972e+01
3.200000000000000178e+00 2.044999999999999929e+01
3.399999999999999911e+00 1.635999999999999943e+01
3.600000000000000089e+00 1.325999999999999979e+01
3.799999999999999822e+00 1.086999999999999922e+01
4.000000000000000000e+00 8.977000000000000313e+00
4.500000000000000000e+00 5.674000000000000377e+00
5.000000000000000000e+00 3.690999999999999837e+00
6.000000000000000000e+00 1.879000000000000004e+00
7.000000000000000000e+00 1.022000000000000020e+00
8.000000000000000000e+00 6.040999999999999703e-01
1.000000000000000000e+01 2.662999999999999812e-01
1.500000000000000000e+01 6.106000000000000316e-02
2.000000000000000000e+01 1.754999999999999963e-02
5.000000000000000000e+01 1.768999999999999956e-03
