#
# Downloaded from http://rredc.nrel.gov/solar/spectra/am0/
#
# Reference: ASTM, 2000. Standard Solar Constant and Air Mass Zero
# Solar Spectral Irradiance Tables, Standard E490-00, American Society
# for Testing and Materials, West Conshohocken, PA.
#
# Wavelength(micron)   E-490 (W/m2/micron)
            1.195E-01           6.190E-02
            1.205E-01           5.614E-01
            1.215E-01           4.901E+00
            1.225E-01           1.184E+00
            1.235E-01           4.770E-02
            1.245E-01           3.430E-02
            1.255E-01           2.880E-02
            1.265E-01           3.520E-02
            1.275E-01           2.130E-02
            1.285E-01           1.730E-02
            1.295E-01           3.990E-02
            1.305E-01           1.206E-01
            1.315E-01           3.980E-02
            1.325E-01           4.130E-02
            1.335E-01           1.680E-01
            1.345E-01           4.570E-02
            1.355E-01           3.800E-02
            1.365E-01           3.090E-02
            1.375E-01           2.920E-02
            1.385E-01           3.970E-02
            1.395E-01           7.560E-02
            1.405E-01           6.080E-02
            1.415E-01           4.210E-02
            1.425E-01           4.680E-02
            1.435E-01           5.110E-02
            1.445E-01           5.090E-02
            1.455E-01           5.540E-02
            1.465E-01           7.090E-02
            1.475E-01           8.490E-02
            1.485E-01           8.200E-02
            1.495E-01           7.960E-02
            1.505E-01           8.700E-02
            1.515E-01           9.270E-02
            1.525E-01           1.163E-01
            1.535E-01           1.299E-01
            1.545E-01           2.059E-01
            1.555E-01           2.144E-01
            1.565E-01           1.847E-01
            1.575E-01           1.717E-01
            1.585E-01           1.675E-01
            1.595E-01           1.754E-01
            1.605E-01           1.934E-01
            1.615E-01           2.228E-01
            1.625E-01           2.519E-01
            1.635E-01           2.841E-01
            1.645E-01           2.973E-01
            1.655E-01           4.302E-01
            1.665E-01           3.989E-01
            1.675E-01           3.875E-01
            1.685E-01           4.556E-01
            1.695E-01           5.877E-01
            1.705E-01           6.616E-01
            1.715E-01           6.880E-01
            1.725E-01           7.252E-01
            1.735E-01           7.645E-01
            1.745E-01           9.067E-01
            1.755E-01           1.079E+00
            1.765E-01           1.220E+00
            1.775E-01           1.403E+00
            1.785E-01           1.538E+00
            1.795E-01           1.576E+00
            1.805E-01           1.831E+00
            1.815E-01           2.233E+00
            1.825E-01           2.243E+00
            1.835E-01           2.244E+00
            1.845E-01           2.066E+00
            1.855E-01           2.311E+00
            1.865E-01           2.700E+00
            1.875E-01           3.009E+00
            1.885E-01           3.291E+00
            1.895E-01           3.569E+00
            1.905E-01           3.764E+00
            1.915E-01           4.165E+00
            1.925E-01           4.113E+00
            1.935E-01           3.808E+00
            1.945E-01           5.210E+00
            1.955E-01           5.427E+00
            1.965E-01           6.008E+00
            1.975E-01           6.191E+00
            1.985E-01           6.187E+00
            1.995E-01           6.664E+00
            2.005E-01           7.326E+00
            2.015E-01           8.023E+00
            2.025E-01           8.261E+00
            2.035E-01           9.217E+00
            2.045E-01           1.025E+01
            2.055E-01           1.054E+01
            2.065E-01           1.108E+01
            2.075E-01           1.265E+01
            2.085E-01           1.505E+01
            2.095E-01           2.138E+01
            2.105E-01           2.792E+01
            2.115E-01           3.354E+01
            2.125E-01           3.130E+01
            2.135E-01           3.315E+01
            2.145E-01           4.003E+01
            2.155E-01           3.615E+01
            2.165E-01           3.227E+01
            2.175E-01           3.529E+01
            2.185E-01           4.437E+01
            2.195E-01           4.692E+01
            2.205E-01           4.733E+01
            2.215E-01           3.958E+01
            2.225E-01           4.965E+01
            2.235E-01           6.301E+01
            2.245E-01           5.897E+01
            2.255E-01           5.229E+01
            2.265E-01           3.940E+01
            2.275E-01           3.992E+01
            2.285E-01           5.195E+01
            2.295E-01           4.771E+01
            2.305E-01           5.212E+01
            2.315E-01           5.097E+01
            2.325E-01           5.326E+01
            2.335E-01           4.474E+01
            2.345E-01           3.897E+01
            2.355E-01           5.142E+01
            2.365E-01           4.859E+01
            2.375E-01           4.844E+01
            2.385E-01           4.196E+01
            2.395E-01           4.412E+01
            2.405E-01           3.956E+01
            2.415E-01           5.148E+01
            2.425E-01           7.060E+01
            2.435E-01           6.653E+01
            2.445E-01           6.097E+01
            2.455E-01           4.939E+01
            2.465E-01           5.040E+01
            2.475E-01           5.550E+01
            2.485E-01           4.565E+01
            2.495E-01           5.638E+01
            2.505E-01           6.010E+01
            2.515E-01           4.601E+01
            2.525E-01           4.155E+01
            2.535E-01           5.155E+01
            2.545E-01           5.957E+01
            2.555E-01           7.930E+01
            2.565E-01           1.018E+02
            2.575E-01           1.254E+02
            2.585E-01           1.251E+02
            2.595E-01           1.040E+02
            2.605E-01           8.551E+01
            2.615E-01           8.980E+01
            2.625E-01           1.036E+02
            2.635E-01           1.658E+02
            2.645E-01           2.497E+02
            2.655E-01           2.527E+02
            2.665E-01           2.494E+02
            2.675E-01           2.508E+02
            2.685E-01           2.438E+02
            2.695E-01           2.389E+02
            2.705E-01           2.673E+02
            2.715E-01           2.244E+02
            2.725E-01           1.974E+02
            2.735E-01           1.965E+02
            2.745E-01           1.326E+02
            2.755E-01           1.751E+02
            2.765E-01           2.428E+02
            2.775E-01           2.338E+02
            2.785E-01           1.593E+02
            2.795E-01           8.555E+01
            2.805E-01           9.463E+01
            2.815E-01           2.083E+02
            2.825E-01           2.941E+02
            2.835E-01           3.135E+02
            2.845E-01           2.353E+02
            2.855E-01           1.631E+02
            2.865E-01           3.227E+02
            2.875E-01           3.363E+02
            2.885E-01           3.222E+02
            2.895E-01           4.727E+02
            2.905E-01           6.013E+02
            2.915E-01           5.808E+02
            2.925E-01           5.219E+02
            2.935E-01           5.355E+02
            2.945E-01           5.088E+02
            2.955E-01           5.532E+02
            2.965E-01           5.096E+02
            2.975E-01           5.073E+02
            2.985E-01           4.655E+02
            2.995E-01           4.840E+02
            3.005E-01           4.200E+02
            3.015E-01           4.555E+02
            3.025E-01           4.890E+02
            3.035E-01           6.206E+02
            3.045E-01           6.025E+02
            3.055E-01           5.948E+02
            3.065E-01           5.557E+02
            3.075E-01           6.150E+02
            3.085E-01           6.114E+02
            3.095E-01           4.965E+02
            3.105E-01           6.224E+02
            3.115E-01           7.292E+02
            3.125E-01           6.559E+02
            3.135E-01           6.999E+02
            3.145E-01           6.629E+02
            3.155E-01           6.330E+02
            3.165E-01           6.332E+02
            3.175E-01           7.739E+02
            3.185E-01           6.649E+02
            3.195E-01           7.105E+02
            3.205E-01           8.051E+02
            3.215E-01           6.995E+02
            3.225E-01           6.886E+02
            3.235E-01           6.613E+02
            3.245E-01           7.608E+02
            3.255E-01           8.758E+02
            3.265E-01           9.795E+02
            3.275E-01           9.527E+02
            3.285E-01           9.176E+02
            3.295E-01           1.061E+03
            3.305E-01           1.016E+03
            3.315E-01           9.657E+02
            3.325E-01           9.549E+02
            3.335E-01           9.216E+02
            3.345E-01           9.589E+02
            3.355E-01           9.434E+02
            3.365E-01           8.095E+02
            3.375E-01           8.418E+02
            3.385E-01           9.215E+02
            3.395E-01           9.581E+02
            3.405E-01           1.007E+03
            3.415E-01           9.238E+02
            3.425E-01           9.930E+02
            3.435E-01           9.506E+02
            3.445E-01           7.957E+02
            3.455E-01           9.392E+02
            3.465E-01           9.264E+02
            3.475E-01           9.017E+02
            3.485E-01           8.972E+02
            3.495E-01           8.898E+02
            3.505E-01           1.050E+03
            3.515E-01           9.795E+02
            3.525E-01           9.079E+02
            3.535E-01           1.033E+03
            3.545E-01           1.111E+03
            3.555E-01           1.045E+03
            3.565E-01           9.123E+02
            3.575E-01           7.960E+02
            3.585E-01           6.936E+02
            3.595E-01           9.911E+02
            3.605E-01           9.708E+02
            3.615E-01           8.781E+02
            3.625E-01           9.978E+02
            3.635E-01           9.969E+02
            3.645E-01           1.013E+03
            3.655E-01           1.152E+03
            3.665E-01           1.233E+03
            3.675E-01           1.180E+03
            3.685E-01           1.101E+03
            3.695E-01           1.226E+03
            3.705E-01           1.139E+03
            3.715E-01           1.175E+03
            3.725E-01           1.054E+03
            3.735E-01           9.202E+02
            3.745E-01           9.004E+02
            3.755E-01           1.062E+03
            3.765E-01           1.085E+03
            3.775E-01           1.282E+03
            3.785E-01           1.327E+03
            3.795E-01           1.066E+03
            3.805E-01           1.202E+03
            3.815E-01           1.082E+03
            3.825E-01           7.913E+02
            3.835E-01           6.841E+02
            3.845E-01           9.597E+02
            3.855E-01           1.008E+03
            3.865E-01           1.007E+03
            3.875E-01           1.004E+03
            3.885E-01           9.843E+02
            3.895E-01           1.174E+03
            3.905E-01           1.247E+03
            3.915E-01           1.342E+03
            3.925E-01           1.019E+03
            3.935E-01           5.823E+02
            3.945E-01           1.026E+03
            3.955E-01           1.314E+03
            3.965E-01           8.545E+02
            3.975E-01           9.288E+02
            3.985E-01           1.522E+03
            3.995E-01           1.663E+03
            4.005E-01           1.682E+03
            4.015E-01           1.746E+03
            4.025E-01           1.759E+03
            4.035E-01           1.684E+03
            4.045E-01           1.674E+03
            4.055E-01           1.667E+03
            4.065E-01           1.589E+03
            4.075E-01           1.628E+03
            4.085E-01           1.735E+03
            4.095E-01           1.715E+03
            4.105E-01           1.532E+03
            4.115E-01           1.817E+03
            4.125E-01           1.789E+03
            4.135E-01           1.756E+03
            4.145E-01           1.737E+03
            4.155E-01           1.734E+03
            4.165E-01           1.842E+03
            4.175E-01           1.665E+03
            4.185E-01           1.684E+03
            4.195E-01           1.701E+03
            4.205E-01           1.757E+03
            4.215E-01           1.797E+03
            4.225E-01           1.582E+03
            4.235E-01           1.711E+03
            4.245E-01           1.767E+03
            4.255E-01           1.695E+03
            4.265E-01           1.698E+03
            4.275E-01           1.569E+03
            4.285E-01           1.587E+03
            4.295E-01           1.475E+03
            4.305E-01           1.135E+03
            4.315E-01           1.686E+03
            4.325E-01           1.646E+03
            4.335E-01           1.731E+03
            4.345E-01           1.670E+03
            4.355E-01           1.723E+03
            4.365E-01           1.929E+03
            4.375E-01           1.806E+03
            4.385E-01           1.567E+03
            4.395E-01           1.825E+03
            4.405E-01           1.713E+03
            4.415E-01           1.931E+03
            4.425E-01           1.980E+03
            4.435E-01           1.909E+03
            4.445E-01           1.973E+03
            4.455E-01           1.821E+03
            4.465E-01           1.891E+03
            4.475E-01           2.077E+03
            4.485E-01           1.973E+03
            4.495E-01           2.027E+03
            4.505E-01           2.144E+03
            4.515E-01           2.109E+03
            4.525E-01           1.941E+03
            4.535E-01           1.970E+03
            4.545E-01           1.979E+03
            4.555E-01           2.034E+03
            4.565E-01           2.077E+03
            4.575E-01           2.100E+03
            4.585E-01           1.971E+03
            4.595E-01           2.009E+03
            4.605E-01           2.040E+03
            4.615E-01           2.055E+03
            4.625E-01           2.104E+03
            4.635E-01           2.040E+03
            4.645E-01           1.976E+03
            4.655E-01           2.042E+03
            4.665E-01           1.921E+03
            4.675E-01           2.015E+03
            4.685E-01           1.994E+03
            4.695E-01           1.990E+03
            4.705E-01           1.877E+03
            4.715E-01           2.018E+03
            4.725E-01           2.041E+03
            4.735E-01           1.991E+03
            4.745E-01           2.051E+03
            4.755E-01           2.016E+03
            4.765E-01           1.956E+03
            4.775E-01           2.075E+03
            4.785E-01           2.009E+03
            4.795E-01           2.076E+03
            4.805E-01           2.035E+03
            4.815E-01           2.090E+03
            4.825E-01           2.023E+03
            4.835E-01           2.019E+03
            4.845E-01           1.969E+03
            4.855E-01           1.830E+03
            4.865E-01           1.625E+03
            4.875E-01           1.830E+03
            4.885E-01           1.914E+03
            4.895E-01           1.960E+03
            4.905E-01           2.007E+03
            4.915E-01           1.896E+03
            4.925E-01           1.896E+03
            4.935E-01           1.888E+03
            4.945E-01           2.058E+03
            4.955E-01           1.926E+03
            4.965E-01           2.017E+03
            4.975E-01           2.018E+03
            4.985E-01           1.866E+03
            4.995E-01           1.970E+03
            5.005E-01           1.857E+03
            5.015E-01           1.812E+03
            5.025E-01           1.894E+03
            5.035E-01           1.934E+03
            5.045E-01           1.869E+03
            5.055E-01           1.993E+03
            5.065E-01           1.961E+03
            5.075E-01           1.906E+03
            5.085E-01           1.919E+03
            5.095E-01           1.916E+03
            5.105E-01           1.947E+03
            5.115E-01           1.997E+03
            5.125E-01           1.867E+03
            5.135E-01           1.861E+03
            5.145E-01           1.874E+03
            5.155E-01           1.900E+03
            5.165E-01           1.669E+03
            5.175E-01           1.726E+03
            5.185E-01           1.654E+03
            5.195E-01           1.828E+03
            5.205E-01           1.831E+03
            5.215E-01           1.906E+03
            5.225E-01           1.823E+03
            5.235E-01           1.894E+03
            5.245E-01           1.958E+03
            5.255E-01           1.930E+03
            5.265E-01           1.674E+03
            5.275E-01           1.828E+03
            5.285E-01           1.897E+03
            5.295E-01           1.918E+03
            5.305E-01           1.952E+03
            5.315E-01           1.963E+03
            5.325E-01           1.770E+03
            5.335E-01           1.923E+03
            5.345E-01           1.858E+03
            5.355E-01           1.990E+03
            5.365E-01           1.871E+03
            5.375E-01           1.882E+03
            5.385E-01           1.904E+03
            5.395E-01           1.832E+03
            5.405E-01           1.769E+03
            5.415E-01           1.881E+03
            5.425E-01           1.825E+03
            5.435E-01           1.879E+03
            5.445E-01           1.879E+03
            5.455E-01           1.901E+03
            5.465E-01           1.879E+03
            5.475E-01           1.833E+03
            5.485E-01           1.863E+03
            5.495E-01           1.895E+03
            5.505E-01           1.862E+03
            5.515E-01           1.871E+03
            5.525E-01           1.846E+03
            5.535E-01           1.882E+03
            5.545E-01           1.898E+03
            5.555E-01           1.897E+03
            5.565E-01           1.821E+03
            5.575E-01           1.846E+03
            5.585E-01           1.787E+03
            5.595E-01           1.808E+03
            5.605E-01           1.843E+03
            5.615E-01           1.824E+03
            5.625E-01           1.850E+03
            5.635E-01           1.861E+03
            5.645E-01           1.854E+03
            5.655E-01           1.798E+03
            5.665E-01           1.829E+03
            5.675E-01           1.887E+03
            5.685E-01           1.810E+03
            5.695E-01           1.860E+03
            5.705E-01           1.769E+03
            5.715E-01           1.823E+03
            5.725E-01           1.892E+03
            5.735E-01           1.876E+03
            5.745E-01           1.867E+03
            5.755E-01           1.830E+03
            5.765E-01           1.846E+03
            5.775E-01           1.857E+03
            5.785E-01           1.783E+03
            5.795E-01           1.828E+03
            5.805E-01           1.838E+03
            5.815E-01           1.853E+03
            5.825E-01           1.873E+03
            5.835E-01           1.857E+03
            5.845E-01           1.860E+03
            5.855E-01           1.783E+03
            5.865E-01           1.830E+03
            5.875E-01           1.848E+03
            5.885E-01           1.750E+03
            5.895E-01           1.612E+03
            5.905E-01           1.813E+03
            5.915E-01           1.787E+03
            5.925E-01           1.808E+03
            5.935E-01           1.796E+03
            5.945E-01           1.773E+03
            5.955E-01           1.782E+03
            5.965E-01           1.805E+03
            5.975E-01           1.780E+03
            5.985E-01           1.757E+03
            5.995E-01           1.774E+03
            6.005E-01           1.746E+03
            6.015E-01           1.751E+03
            6.025E-01           1.719E+03
            6.035E-01           1.787E+03
            6.045E-01           1.776E+03
            6.055E-01           1.763E+03
            6.065E-01           1.759E+03
            6.075E-01           1.757E+03
            6.085E-01           1.743E+03
            6.095E-01           1.744E+03
            6.105E-01           1.703E+03
            6.115E-01           1.746E+03
            6.125E-01           1.705E+03
            6.135E-01           1.683E+03
            6.145E-01           1.713E+03
            6.155E-01           1.713E+03
            6.165E-01           1.609E+03
            6.175E-01           1.707E+03
            6.185E-01           1.724E+03
            6.195E-01           1.707E+03
            6.205E-01           1.734E+03
            6.215E-01           1.690E+03
            6.225E-01           1.713E+03
            6.235E-01           1.666E+03
            6.245E-01           1.656E+03
            6.255E-01           1.632E+03
            6.265E-01           1.697E+03
            6.275E-01           1.697E+03
            6.285E-01           1.697E+03
            6.295E-01           1.677E+03
            6.310E-01           1.639E+03
            6.330E-01           1.651E+03
            6.350E-01           1.656E+03
            6.370E-01           1.654E+03
            6.390E-01           1.651E+03
            6.410E-01           1.614E+03
            6.430E-01           1.621E+03
            6.450E-01           1.627E+03
            6.470E-01           1.603E+03
            6.490E-01           1.558E+03
            6.510E-01           1.606E+03
            6.530E-01           1.599E+03
            6.550E-01           1.532E+03
            6.570E-01           1.384E+03
            6.590E-01           1.549E+03
            6.610E-01           1.571E+03
            6.630E-01           1.555E+03
            6.650E-01           1.560E+03
            6.670E-01           1.535E+03
            6.690E-01           1.546E+03
            6.710E-01           1.516E+03
            6.730E-01           1.521E+03
            6.750E-01           1.510E+03
            6.770E-01           1.508E+03
            6.790E-01           1.498E+03
            6.810E-01           1.492E+03
            6.830E-01           1.479E+03
            6.850E-01           1.455E+03
            6.870E-01           1.467E+03
            6.890E-01           1.461E+03
            6.910E-01           1.448E+03
            6.930E-01           1.448E+03
            6.950E-01           1.436E+03
            6.970E-01           1.416E+03
            6.990E-01           1.425E+03
            7.010E-01           1.386E+03
            7.030E-01           1.388E+03
            7.050E-01           1.415E+03
            7.070E-01           1.400E+03
            7.090E-01           1.384E+03
            7.110E-01           1.385E+03
            7.130E-01           1.373E+03
            7.150E-01           1.366E+03
            7.170E-01           1.354E+03
            7.190E-01           1.328E+03
            7.210E-01           1.331E+03
            7.230E-01           1.348E+03
            7.250E-01           1.350E+03
            7.270E-01           1.346E+03
            7.290E-01           1.319E+03
            7.310E-01           1.326E+03
            7.330E-01           1.318E+03
            7.350E-01           1.309E+03
            7.370E-01           1.307E+03
            7.390E-01           1.278E+03
            7.410E-01           1.258E+03
            7.430E-01           1.286E+03
            7.450E-01           1.279E+03
            7.470E-01           1.283E+03
            7.490E-01           1.270E+03
            7.510E-01           1.262E+03
            7.530E-01           1.259E+03
            7.550E-01           1.255E+03
            7.570E-01           1.248E+03
            7.590E-01           1.240E+03
            7.610E-01           1.237E+03
            7.630E-01           1.241E+03
            7.650E-01           1.221E+03
            7.670E-01           1.185E+03
            7.690E-01           1.203E+03
            7.710E-01           1.204E+03
            7.730E-01           1.208E+03
            7.750E-01           1.188E+03
            7.770E-01           1.196E+03
            7.790E-01           1.187E+03
            7.810E-01           1.187E+03
            7.830E-01           1.176E+03
            7.850E-01           1.180E+03
            7.870E-01           1.177E+03
            7.890E-01           1.174E+03
            7.910E-01           1.158E+03
            7.930E-01           1.143E+03
            7.950E-01           1.134E+03
            7.970E-01           1.152E+03
            7.990E-01           1.135E+03
            8.010E-01           1.142E+03
            8.030E-01           1.129E+03
            8.050E-01           1.115E+03
            8.070E-01           1.120E+03
            8.090E-01           1.095E+03
            8.110E-01           1.114E+03
            8.130E-01           1.115E+03
            8.150E-01           1.107E+03
            8.170E-01           1.104E+03
            8.190E-01           1.063E+03
            8.210E-01           1.080E+03
            8.230E-01           1.073E+03
            8.250E-01           1.075E+03
            8.260E-01           1.080E+03
            8.280E-01           1.081E+03
            8.300E-01           1.063E+03
            8.320E-01           1.051E+03
            8.340E-01           1.041E+03
            8.360E-01           1.052E+03
            8.380E-01           1.044E+03
            8.400E-01           1.040E+03
            8.420E-01           1.036E+03
            8.440E-01           1.024E+03
            8.460E-01           1.028E+03
            8.480E-01           1.023E+03
            8.500E-01           9.660E+02
            8.520E-01           9.961E+02
            8.540E-01           8.780E+02
            8.560E-01           9.755E+02
            8.580E-01           1.005E+03
            8.600E-01           9.969E+02
            8.620E-01           9.949E+02
            8.640E-01           9.993E+02
            8.660E-01           8.862E+02
            8.680E-01           9.395E+02
            8.700E-01           9.747E+02
            8.720E-01           9.833E+02
            8.740E-01           9.713E+02
            8.760E-01           9.640E+02
            8.780E-01           9.749E+02
            8.800E-01           9.554E+02
            8.820E-01           9.511E+02
            8.840E-01           9.579E+02
            8.860E-01           9.383E+02
            8.880E-01           9.443E+02
            8.900E-01           9.530E+02
            8.920E-01           9.394E+02
            8.940E-01           9.332E+02
            8.960E-01           9.387E+02
            8.980E-01           9.339E+02
            9.000E-01           9.158E+02
            9.020E-01           8.916E+02
            9.040E-01           9.285E+02
            9.060E-01           9.176E+02
            9.080E-01           9.025E+02
            9.100E-01           8.916E+02
            9.120E-01           8.967E+02
            9.140E-01           9.071E+02
            9.160E-01           9.004E+02
            9.180E-01           8.951E+02
            9.200E-01           8.908E+02
            9.220E-01           8.630E+02
            9.240E-01           8.585E+02
            9.260E-01           8.612E+02
            9.280E-01           8.769E+02
            9.300E-01           8.677E+02
            9.320E-01           8.651E+02
            9.340E-01           8.641E+02
            9.360E-01           8.547E+02
            9.380E-01           8.580E+02
            9.400E-01           8.438E+02
            9.420E-01           8.250E+02
            9.440E-01           8.324E+02
            9.460E-01           8.375E+02
            9.480E-01           8.407E+02
            9.500E-01           8.369E+02
            9.520E-01           8.317E+02
            9.540E-01           8.080E+02
            9.560E-01           8.082E+02
            9.580E-01           8.188E+02
            9.600E-01           8.151E+02
            9.620E-01           8.089E+02
            9.640E-01           8.013E+02
            9.660E-01           7.947E+02
            9.680E-01           7.969E+02
            9.700E-01           7.959E+02
            9.720E-01           7.936E+02
            9.740E-01           7.815E+02
            9.760E-01           7.825E+02
            9.780E-01           7.779E+02
            9.800E-01           7.746E+02
            9.820E-01           7.764E+02
            9.840E-01           7.698E+02
            9.860E-01           7.661E+02
            9.880E-01           7.615E+02
            9.900E-01           7.541E+02
            9.920E-01           7.567E+02
            9.940E-01           7.556E+02
            9.960E-01           7.525E+02
            9.980E-01           7.510E+02
            1.000E+00           7.479E+02
            1.002E+00           7.469E+02
            1.004E+00           7.261E+02
            1.006E+00           7.136E+02
            1.008E+00           7.335E+02
            1.010E+00           7.313E+02
            1.012E+00           7.262E+02
            1.014E+00           7.210E+02
            1.016E+00           7.139E+02
            1.018E+00           7.107E+02
            1.020E+00           7.041E+02
            1.022E+00           7.021E+02
            1.024E+00           7.054E+02
            1.026E+00           7.027E+02
            1.028E+00           6.989E+02
            1.030E+00           6.937E+02
            1.032E+00           6.905E+02
            1.034E+00           6.817E+02
            1.036E+00           6.840E+02
            1.038E+00           6.772E+02
            1.040E+00           6.761E+02
            1.042E+00           6.746E+02
            1.044E+00           6.714E+02
            1.046E+00           6.600E+02
            1.048E+00           6.644E+02
            1.050E+00           6.622E+02
            1.052E+00           6.586E+02
            1.054E+00           6.549E+02
            1.056E+00           6.557E+02
            1.058E+00           6.451E+02
            1.060E+00           6.415E+02
            1.062E+00           6.438E+02
            1.064E+00           6.459E+02
            1.066E+00           6.395E+02
            1.068E+00           6.317E+02
            1.070E+00           6.241E+02
            1.072E+00           6.326E+02
            1.074E+00           6.276E+02
            1.076E+00           6.280E+02
            1.078E+00           6.272E+02
            1.080E+00           6.247E+02
            1.082E+00           6.099E+02
            1.084E+00           6.180E+02
            1.086E+00           6.208E+02
            1.088E+00           6.103E+02
            1.090E+00           6.199E+02
            1.092E+00           6.159E+02
            1.094E+00           5.849E+02
            1.096E+00           5.983E+02
            1.098E+00           5.961E+02
            1.100E+00           6.042E+02
            1.102E+00           5.932E+02
            1.104E+00           5.974E+02
            1.106E+00           5.945E+02
            1.108E+00           5.916E+02
            1.110E+00           5.906E+02
            1.112E+00           5.843E+02
            1.114E+00           5.844E+02
            1.116E+00           5.831E+02
            1.118E+00           5.815E+02
            1.120E+00           5.741E+02
            1.122E+00           5.796E+02
            1.124E+00           5.769E+02
            1.126E+00           5.655E+02
            1.128E+00           5.700E+02
            1.130E+00           5.653E+02
            1.132E+00           5.678E+02
            1.134E+00           5.638E+02
            1.136E+00           5.658E+02
            1.138E+00           5.569E+02
            1.140E+00           5.530E+02
            1.142E+00           5.531E+02
            1.144E+00           5.514E+02
            1.146E+00           5.548E+02
            1.148E+00           5.525E+02
            1.150E+00           5.489E+02
            1.152E+00           5.458E+02
            1.154E+00           5.479E+02
            1.156E+00           5.455E+02
            1.158E+00           5.435E+02
            1.160E+00           5.320E+02
            1.162E+00           5.325E+02
            1.164E+00           5.332E+02
            1.166E+00           5.303E+02
            1.168E+00           5.312E+02
            1.170E+00           5.276E+02
            1.172E+00           5.315E+02
            1.174E+00           5.273E+02
            1.176E+00           5.184E+02
            1.178E+00           5.190E+02
            1.180E+00           5.239E+02
            1.182E+00           5.159E+02
            1.184E+00           5.103E+02
            1.186E+00           5.187E+02
            1.188E+00           5.075E+02
            1.190E+00           5.085E+02
            1.192E+00           5.161E+02
            1.194E+00           5.145E+02
            1.196E+00           5.084E+02
            1.198E+00           4.943E+02
            1.200E+00           5.003E+02
            1.202E+00           5.068E+02
            1.204E+00           4.948E+02
            1.206E+00           5.039E+02
            1.208E+00           4.890E+02
            1.210E+00           4.882E+02
            1.212E+00           4.933E+02
            1.214E+00           4.942E+02
            1.216E+00           4.930E+02
            1.218E+00           4.897E+02
            1.220E+00           4.875E+02
            1.222E+00           4.854E+02
            1.224E+00           4.846E+02
            1.226E+00           4.817E+02
            1.228E+00           4.771E+02
            1.230E+00           4.792E+02
            1.232E+00           4.750E+02
            1.234E+00           4.729E+02
            1.236E+00           4.719E+02
            1.238E+00           4.703E+02
            1.240E+00           4.653E+02
            1.242E+00           4.642E+02
            1.244E+00           4.619E+02
            1.246E+00           4.635E+02
            1.248E+00           4.633E+02
            1.250E+00           4.624E+02
            1.252E+00           4.571E+02
            1.254E+00           4.574E+02
            1.256E+00           4.551E+02
            1.258E+00           4.533E+02
            1.260E+00           4.530E+02
            1.262E+00           4.497E+02
            1.264E+00           4.478E+02
            1.266E+00           4.467E+02
            1.268E+00           4.417E+02
            1.270E+00           4.453E+02
            1.272E+00           4.452E+02
            1.274E+00           4.431E+02
            1.276E+00           4.451E+02
            1.278E+00           4.440E+02
            1.280E+00           4.356E+02
            1.282E+00           4.014E+02
            1.284E+00           4.259E+02
            1.286E+00           4.328E+02
            1.288E+00           4.314E+02
            1.290E+00           4.255E+02
            1.292E+00           4.254E+02
            1.294E+00           4.223E+02
            1.296E+00           4.224E+02
            1.298E+00           4.184E+02
            1.300E+00           4.186E+02
            1.302E+00           4.139E+02
            1.304E+00           4.111E+02
            1.306E+00           4.136E+02
            1.308E+00           4.123E+02
            1.310E+00           4.106E+02
            1.312E+00           4.033E+02
            1.314E+00           4.022E+02
            1.316E+00           3.979E+02
            1.318E+00           4.017E+02
            1.320E+00           4.016E+02
            1.322E+00           3.986E+02
            1.324E+00           3.981E+02
            1.326E+00           3.949E+02
            1.328E+00           3.908E+02
            1.330E+00           3.878E+02
            1.332E+00           3.863E+02
            1.334E+00           3.892E+02
            1.336E+00           3.866E+02
            1.338E+00           3.832E+02
            1.340E+00           3.790E+02
            1.342E+00           3.805E+02
            1.344E+00           3.798E+02
            1.346E+00           3.772E+02
            1.348E+00           3.766E+02
            1.350E+00           3.724E+02
            1.352E+00           3.742E+02
            1.354E+00           3.722E+02
            1.356E+00           3.675E+02
            1.358E+00           3.688E+02
            1.360E+00           3.673E+02
            1.362E+00           3.677E+02
            1.364E+00           3.657E+02
            1.366E+00           3.657E+02
            1.368E+00           3.628E+02
            1.370E+00           3.599E+02
            1.372E+00           3.621E+02
            1.374E+00           3.611E+02
            1.376E+00           3.561E+02
            1.378E+00           3.580E+02
            1.380E+00           3.579E+02
            1.382E+00           3.545E+02
            1.384E+00           3.547E+02
            1.386E+00           3.532E+02
            1.388E+00           3.530E+02
            1.390E+00           3.506E+02
            1.392E+00           3.513E+02
            1.394E+00           3.488E+02
            1.396E+00           3.487E+02
            1.398E+00           3.492E+02
            1.400E+00           3.427E+02
            1.402E+00           3.439E+02
            1.404E+00           3.428E+02
            1.406E+00           3.431E+02
            1.408E+00           3.427E+02
            1.410E+00           3.418E+02
            1.412E+00           3.348E+02
            1.414E+00           3.377E+02
            1.416E+00           3.385E+02
            1.418E+00           3.386E+02
            1.420E+00           3.357E+02
            1.422E+00           3.315E+02
            1.424E+00           3.311E+02
            1.426E+00           3.281E+02
            1.428E+00           3.285E+02
            1.430E+00           3.257E+02
            1.432E+00           3.300E+02
            1.434E+00           3.284E+02
            1.436E+00           3.285E+02
            1.438E+00           3.283E+02
            1.440E+00           3.188E+02
            1.442E+00           3.186E+02
            1.444E+00           3.197E+02
            1.446E+00           3.216E+02
            1.448E+00           3.216E+02
            1.450E+00           3.187E+02
            1.452E+00           3.154E+02
            1.454E+00           3.143E+02
            1.456E+00           3.131E+02
            1.458E+00           3.167E+02
            1.460E+00           3.156E+02
            1.462E+00           3.121E+02
            1.464E+00           3.105E+02
            1.466E+00           3.108E+02
            1.468E+00           3.114E+02
            1.470E+00           3.102E+02
            1.472E+00           3.073E+02
            1.474E+00           3.034E+02
            1.476E+00           3.048E+02
            1.478E+00           3.044E+02
            1.480E+00           3.068E+02
            1.482E+00           3.044E+02
            1.484E+00           3.039E+02
            1.486E+00           3.033E+02
            1.488E+00           2.855E+02
            1.490E+00           3.015E+02
            1.492E+00           3.018E+02
            1.494E+00           3.033E+02
            1.496E+00           2.972E+02
            1.498E+00           2.994E+02
            1.500E+00           3.011E+02
            1.502E+00           2.924E+02
            1.504E+00           2.799E+02
            1.506E+00           2.848E+02
            1.508E+00           2.919E+02
            1.510E+00           2.947E+02
            1.512E+00           2.913E+02
            1.514E+00           2.883E+02
            1.516E+00           2.882E+02
            1.518E+00           2.884E+02
            1.520E+00           2.866E+02
            1.522E+00           2.824E+02
            1.524E+00           2.835E+02
            1.526E+00           2.846E+02
            1.528E+00           2.846E+02
            1.530E+00           2.765E+02
            1.532E+00           2.823E+02
            1.534E+00           2.784E+02
            1.536E+00           2.806E+02
            1.538E+00           2.773E+02
            1.540E+00           2.730E+02
            1.542E+00           2.753E+02
            1.544E+00           2.778E+02
            1.546E+00           2.772E+02
            1.548E+00           2.711E+02
            1.550E+00           2.713E+02
            1.552E+00           2.731E+02
            1.554E+00           2.676E+02
            1.556E+00           2.671E+02
            1.558E+00           2.689E+02
            1.560E+00           2.683E+02
            1.562E+00           2.697E+02
            1.564E+00           2.669E+02
            1.566E+00           2.654E+02
            1.568E+00           2.633E+02
            1.570E+00           2.645E+02
            1.572E+00           2.673E+02
            1.574E+00           2.610E+02
            1.576E+00           2.536E+02
            1.578E+00           2.547E+02
            1.580E+00           2.650E+02
            1.582E+00           2.590E+02
            1.584E+00           2.591E+02
            1.586E+00           2.599E+02
            1.588E+00           2.490E+02
            1.590E+00           2.405E+02
            1.592E+00           2.526E+02
            1.594E+00           2.583E+02
            1.596E+00           2.506E+02
            1.598E+00           2.545E+02
            1.600E+00           2.512E+02
            1.602E+00           2.489E+02
            1.604E+00           2.497E+02
            1.606E+00           2.477E+02
            1.608E+00           2.491E+02
            1.610E+00           2.400E+02
            1.612E+00           2.430E+02
            1.614E+00           2.449E+02
            1.616E+00           2.374E+02
            1.618E+00           2.423E+02
            1.620E+00           2.369E+02
            1.622E+00           2.383E+02
            1.624E+00           2.416E+02
            1.626E+00           2.402E+02
            1.628E+00           2.418E+02
            1.630E+00           2.393E+02
            1.632E+00           2.387E+02
            1.634E+00           2.359E+02
            1.636E+00           2.357E+02
            1.638E+00           2.274E+02
            1.640E+00           2.262E+02
            1.642E+00           2.266E+02
            1.644E+00           2.278E+02
            1.646E+00           2.294E+02
            1.648E+00           2.292E+02
            1.650E+00           2.272E+02
            1.652E+00           2.268E+02
            1.654E+00           2.262E+02
            1.656E+00           2.260E+02
            1.658E+00           2.252E+02
            1.660E+00           2.245E+02
            1.662E+00           2.246E+02
            1.664E+00           2.227E+02
            1.666E+00           2.212E+02
            1.668E+00           2.193E+02
            1.670E+00           2.225E+02
            1.672E+00           2.173E+02
            1.674E+00           2.193E+02
            1.676E+00           2.161E+02
            1.678E+00           2.168E+02
            1.680E+00           2.080E+02
            1.682E+00           2.054E+02
            1.684E+00           2.129E+02
            1.686E+00           2.131E+02
            1.688E+00           2.120E+02
            1.690E+00           2.105E+02
            1.692E+00           2.123E+02
            1.694E+00           2.112E+02
            1.696E+00           2.100E+02
            1.698E+00           2.089E+02
            1.700E+00           2.063E+02
            1.702E+00           2.047E+02
            1.704E+00           2.052E+02
            1.706E+00           2.050E+02
            1.708E+00           2.017E+02
            1.710E+00           2.013E+02
            1.712E+00           1.982E+02
            1.714E+00           2.037E+02
            1.716E+00           2.022E+02
            1.718E+00           2.010E+02
            1.720E+00           1.993E+02
            1.722E+00           1.975E+02
            1.724E+00           1.954E+02
            1.726E+00           1.982E+02
            1.728E+00           1.971E+02
            1.730E+00           1.984E+02
            1.732E+00           1.936E+02
            1.734E+00           1.874E+02
            1.736E+00           1.827E+02
            1.738E+00           1.863E+02
            1.740E+00           1.905E+02
            1.742E+00           1.902E+02
            1.744E+00           1.907E+02
            1.746E+00           1.867E+02
            1.748E+00           1.872E+02
            1.750E+00           1.858E+02
            1.752E+00           1.850E+02
            1.754E+00           1.856E+02
            1.756E+00           1.849E+02
            1.758E+00           1.843E+02
            1.760E+00           1.831E+02
            1.762E+00           1.793E+02
            1.764E+00           1.807E+02
            1.766E+00           1.817E+02
            1.768E+00           1.802E+02
            1.770E+00           1.791E+02
            1.772E+00           1.794E+02
            1.774E+00           1.792E+02
            1.776E+00           1.763E+02
            1.778E+00           1.747E+02
            1.780E+00           1.756E+02
            1.782E+00           1.747E+02
            1.784E+00           1.735E+02
            1.786E+00           1.739E+02
            1.788E+00           1.747E+02
            1.790E+00           1.733E+02
            1.792E+00           1.721E+02
            1.794E+00           1.709E+02
            1.796E+00           1.706E+02
            1.798E+00           1.703E+02
            1.800E+00           1.699E+02
            1.802E+00           1.672E+02
            1.804E+00           1.688E+02
            1.806E+00           1.688E+02
            1.808E+00           1.685E+02
            1.810E+00           1.686E+02
            1.812E+00           1.675E+02
            1.814E+00           1.658E+02
            1.816E+00           1.605E+02
            1.818E+00           1.520E+02
            1.820E+00           1.596E+02
            1.822E+00           1.598E+02
            1.824E+00           1.624E+02
            1.826E+00           1.628E+02
            1.828E+00           1.611E+02
            1.830E+00           1.606E+02
            1.832E+00           1.593E+02
            1.834E+00           1.585E+02
            1.836E+00           1.581E+02
            1.838E+00           1.562E+02
            1.840E+00           1.562E+02
            1.842E+00           1.540E+02
            1.844E+00           1.541E+02
            1.846E+00           1.535E+02
            1.848E+00           1.510E+02
            1.850E+00           1.546E+02
            1.852E+00           1.534E+02
            1.854E+00           1.525E+02
            1.856E+00           1.509E+02
            1.858E+00           1.525E+02
            1.860E+00           1.503E+02
            1.862E+00           1.504E+02
            1.864E+00           1.509E+02
            1.866E+00           1.494E+02
            1.868E+00           1.492E+02
            1.870E+00           1.508E+02
            1.872E+00           1.473E+02
            1.874E+00           1.401E+02
            1.876E+00           1.299E+02
            1.878E+00           1.441E+02
            1.880E+00           1.462E+02
            1.882E+00           1.474E+02
            1.884E+00           1.464E+02
            1.886E+00           1.439E+02
            1.888E+00           1.453E+02
            1.890E+00           1.424E+02
            1.892E+00           1.408E+02
            1.894E+00           1.396E+02
            1.896E+00           1.373E+02
            1.898E+00           1.390E+02
            1.900E+00           1.397E+02
            1.902E+00           1.409E+02
            1.904E+00           1.386E+02
            1.906E+00           1.390E+02
            1.908E+00           1.377E+02
            1.910E+00           1.378E+02
            1.912E+00           1.354E+02
            1.914E+00           1.370E+02
            1.916E+00           1.360E+02
            1.918E+00           1.353E+02
            1.920E+00           1.333E+02
            1.922E+00           1.350E+02
            1.924E+00           1.341E+02
            1.926E+00           1.344E+02
            1.928E+00           1.322E+02
            1.930E+00           1.313E+02
            1.932E+00           1.308E+02
            1.934E+00           1.320E+02
            1.936E+00           1.328E+02
            1.938E+00           1.321E+02
            1.940E+00           1.299E+02
            1.942E+00           1.294E+02
            1.944E+00           1.203E+02
            1.946E+00           1.192E+02
            1.948E+00           1.271E+02
            1.950E+00           1.261E+02
            1.952E+00           1.255E+02
            1.954E+00           1.286E+02
            1.956E+00           1.276E+02
            1.958E+00           1.271E+02
            1.960E+00           1.261E+02
            1.962E+00           1.240E+02
            1.964E+00           1.222E+02
            1.966E+00           1.231E+02
            1.968E+00           1.240E+02
            1.970E+00           1.239E+02
            1.972E+00           1.213E+02
            1.974E+00           1.208E+02
            1.976E+00           1.224E+02
            1.978E+00           1.194E+02
            1.980E+00           1.196E+02
            1.982E+00           1.205E+02
            1.984E+00           1.197E+02
            1.986E+00           1.178E+02
            1.988E+00           1.195E+02
            1.990E+00           1.198E+02
            1.992E+00           1.180E+02
            1.994E+00           1.162E+02
            1.996E+00           1.173E+02
            1.998E+00           1.159E+02
            2.000E+00           1.170E+02
            2.002E+00           1.161E+02
            2.004E+00           1.148E+02
            2.006E+00           1.147E+02
            2.008E+00           1.154E+02
            2.010E+00           1.149E+02
            2.012E+00           1.145E+02
            2.014E+00           1.138E+02
            2.016E+00           1.137E+02
            2.018E+00           1.134E+02
            2.020E+00           1.116E+02
            2.022E+00           1.107E+02
            2.024E+00           1.116E+02
            2.026E+00           1.115E+02
            2.028E+00           1.107E+02
            2.030E+00           1.086E+02
            2.032E+00           1.098E+02
            2.034E+00           1.092E+02
            2.036E+00           1.083E+02
            2.038E+00           1.064E+02
            2.040E+00           1.078E+02
            2.042E+00           1.076E+02
            2.044E+00           1.076E+02
            2.046E+00           1.071E+02
            2.048E+00           1.063E+02
            2.050E+00           1.059E+02
            2.052E+00           1.047E+02
            2.054E+00           1.046E+02
            2.056E+00           1.046E+02
            2.058E+00           1.040E+02
            2.060E+00           1.028E+02
            2.062E+00           1.023E+02
            2.064E+00           1.005E+02
            2.066E+00           1.025E+02
            2.068E+00           1.019E+02
            2.070E+00           1.003E+02
            2.072E+00           1.004E+02
            2.074E+00           1.009E+02
            2.076E+00           1.006E+02
            2.078E+00           1.000E+02
            2.080E+00           9.878E+01
            2.082E+00           9.864E+01
            2.084E+00           9.772E+01
            2.086E+00           9.852E+01
            2.088E+00           9.835E+01
            2.090E+00           9.788E+01
            2.092E+00           9.567E+01
            2.094E+00           9.593E+01
            2.096E+00           9.580E+01
            2.098E+00           9.620E+01
            2.100E+00           9.606E+01
            2.102E+00           9.577E+01
            2.104E+00           9.559E+01
            2.106E+00           9.574E+01
            2.108E+00           9.513E+01
            2.110E+00           9.396E+01
            2.112E+00           9.452E+01
            2.114E+00           9.436E+01
            2.116E+00           9.331E+01
            2.118E+00           9.311E+01
            2.120E+00           9.275E+01
            2.122E+00           9.275E+01
            2.124E+00           9.189E+01
            2.126E+00           9.208E+01
            2.128E+00           9.225E+01
            2.130E+00           9.209E+01
            2.132E+00           9.210E+01
            2.134E+00           9.155E+01
            2.136E+00           9.012E+01
            2.138E+00           9.110E+01
            2.140E+00           9.083E+01
            2.142E+00           9.064E+01
            2.144E+00           9.006E+01
            2.146E+00           8.939E+01
            2.148E+00           8.979E+01
            2.150E+00           8.957E+01
            2.152E+00           8.913E+01
            2.154E+00           8.878E+01
            2.156E+00           8.874E+01
            2.158E+00           8.842E+01
            2.160E+00           8.781E+01
            2.162E+00           8.686E+01
            2.164E+00           8.456E+01
            2.166E+00           7.849E+01
            2.168E+00           8.300E+01
            2.170E+00           8.557E+01
            2.172E+00           8.591E+01
            2.174E+00           8.592E+01
            2.176E+00           8.532E+01
            2.178E+00           8.425E+01
            2.180E+00           8.497E+01
            2.182E+00           8.425E+01
            2.184E+00           8.457E+01
            2.186E+00           8.465E+01
            2.188E+00           8.277E+01
            2.190E+00           8.304E+01
            2.192E+00           8.377E+01
            2.194E+00           8.349E+01
            2.196E+00           8.318E+01
            2.198E+00           8.299E+01
            2.200E+00           8.265E+01
            2.202E+00           8.230E+01
            2.204E+00           8.211E+01
            2.206E+00           7.966E+01
            2.208E+00           7.966E+01
            2.210E+00           8.080E+01
            2.212E+00           8.105E+01
            2.214E+00           8.072E+01
            2.216E+00           7.994E+01
            2.218E+00           7.970E+01
            2.220E+00           7.997E+01
            2.222E+00           7.962E+01
            2.224E+00           7.926E+01
            2.226E+00           7.811E+01
            2.228E+00           7.826E+01
            2.230E+00           7.831E+01
            2.232E+00           7.815E+01
            2.234E+00           7.802E+01
            2.236E+00           7.758E+01
            2.238E+00           7.648E+01
            2.240E+00           7.639E+01
            2.242E+00           7.642E+01
            2.244E+00           7.624E+01
            2.246E+00           7.612E+01
            2.248E+00           7.520E+01
            2.250E+00           7.541E+01
            2.252E+00           7.512E+01
            2.254E+00           7.402E+01
            2.256E+00           7.422E+01
            2.258E+00           7.441E+01
            2.260E+00           7.421E+01
            2.262E+00           7.299E+01
            2.264E+00           7.329E+01
            2.266E+00           7.315E+01
            2.268E+00           7.327E+01
            2.270E+00           7.297E+01
            2.272E+00           7.277E+01
            2.274E+00           7.252E+01
            2.276E+00           7.239E+01
            2.278E+00           7.242E+01
            2.280E+00           7.165E+01
            2.282E+00           7.007E+01
            2.284E+00           7.125E+01
            2.286E+00           7.124E+01
            2.288E+00           7.127E+01
            2.290E+00           7.110E+01
            2.292E+00           7.067E+01
            2.294E+00           6.920E+01
            2.296E+00           6.908E+01
            2.298E+00           6.919E+01
            2.300E+00           6.953E+01
            2.302E+00           6.955E+01
            2.304E+00           6.931E+01
            2.306E+00           6.923E+01
            2.308E+00           6.901E+01
            2.310E+00           6.870E+01
            2.312E+00           6.867E+01
            2.314E+00           6.826E+01
            2.316E+00           6.779E+01
            2.318E+00           6.745E+01
            2.320E+00           6.768E+01
            2.322E+00           6.675E+01
            2.324E+00           6.536E+01
            2.326E+00           6.559E+01
            2.328E+00           6.629E+01
            2.330E+00           6.616E+01
            2.332E+00           6.584E+01
            2.334E+00           6.571E+01
            2.336E+00           6.536E+01
            2.338E+00           6.496E+01
            2.340E+00           6.520E+01
            2.342E+00           6.539E+01
            2.344E+00           6.509E+01
            2.346E+00           6.486E+01
            2.348E+00           6.472E+01
            2.350E+00           6.453E+01
            2.352E+00           6.289E+01
            2.354E+00           6.239E+01
            2.356E+00           6.282E+01
            2.358E+00           6.266E+01
            2.360E+00           6.308E+01
            2.362E+00           6.305E+01
            2.364E+00           6.295E+01
            2.366E+00           6.284E+01
            2.368E+00           6.263E+01
            2.370E+00           6.211E+01
            2.372E+00           6.207E+01
            2.374E+00           6.066E+01
            2.376E+00           6.164E+01
            2.378E+00           6.192E+01
            2.380E+00           6.172E+01
            2.382E+00           6.098E+01
            2.384E+00           5.885E+01
            2.386E+00           5.908E+01
            2.388E+00           6.004E+01
            2.390E+00           6.029E+01
            2.392E+00           6.008E+01
            2.394E+00           6.003E+01
            2.396E+00           5.996E+01
            2.398E+00           5.989E+01
            2.400E+00           5.944E+01
            2.402E+00           5.965E+01
            2.404E+00           5.945E+01
            2.406E+00           5.919E+01
            2.408E+00           5.915E+01
            2.410E+00           5.902E+01
            2.412E+00           5.894E+01
            2.414E+00           5.734E+01
            2.416E+00           5.599E+01
            2.418E+00           5.748E+01
            2.420E+00           5.770E+01
            2.422E+00           5.767E+01
            2.424E+00           5.726E+01
            2.426E+00           5.717E+01
            2.428E+00           5.712E+01
            2.430E+00           5.712E+01
            2.432E+00           5.702E+01
            2.434E+00           5.641E+01
            2.436E+00           5.618E+01
            2.438E+00           5.599E+01
            2.440E+00           5.639E+01
            2.442E+00           5.617E+01
            2.444E+00           5.603E+01
            2.446E+00           5.498E+01
            2.448E+00           5.457E+01
            2.450E+00           5.462E+01
            2.452E+00           5.432E+01
            2.454E+00           5.455E+01
            2.456E+00           5.370E+01
            2.458E+00           5.392E+01
            2.460E+00           5.457E+01
            2.462E+00           5.442E+01
            2.464E+00           5.435E+01
            2.466E+00           5.405E+01
            2.468E+00           5.390E+01
            2.470E+00           5.285E+01
            2.472E+00           5.330E+01
            2.474E+00           5.313E+01
            2.476E+00           5.343E+01
            2.478E+00           5.303E+01
            2.480E+00           5.177E+01
            2.482E+00           5.140E+01
            2.484E+00           5.219E+01
            2.486E+00           5.160E+01
            2.488E+00           5.169E+01
            2.490E+00           5.225E+01
            2.492E+00           5.198E+01
            2.494E+00           5.175E+01
            2.496E+00           5.152E+01
            2.498E+00           5.154E+01
            2.500E+00           5.155E+01
            2.520E+00           4.984E+01
            2.540E+00           4.814E+01
            2.560E+00           4.672E+01
            2.580E+00           4.550E+01
            2.600E+00           4.457E+01
            2.620E+00           4.305E+01
            2.640E+00           4.211E+01
            2.660E+00           4.079E+01
            2.680E+00           3.968E+01
            2.700E+00           3.867E+01
            2.720E+00           3.763E+01
            2.740E+00           3.663E+01
            2.760E+00           3.546E+01
            2.780E+00           3.468E+01
            2.800E+00           3.385E+01
            2.820E+00           3.297E+01
            2.840E+00           3.209E+01
            2.860E+00           3.119E+01
            2.880E+00           3.032E+01
            2.900E+00           2.969E+01
            2.920E+00           2.890E+01
            2.940E+00           2.817E+01
            2.960E+00           2.750E+01
            2.980E+00           2.682E+01
            3.000E+00           2.612E+01
            3.020E+00           2.547E+01
            3.040E+00           2.465E+01
            3.060E+00           2.422E+01
            3.080E+00           2.364E+01
            3.100E+00           2.306E+01
            3.120E+00           2.246E+01
            3.140E+00           2.198E+01
            3.160E+00           2.144E+01
            3.180E+00           2.096E+01
            3.200E+00           2.048E+01
            3.220E+00           2.000E+01
            3.240E+00           1.951E+01
            3.260E+00           1.907E+01
            3.280E+00           1.858E+01
            3.300E+00           1.802E+01
            3.320E+00           1.768E+01
            3.340E+00           1.737E+01
            3.360E+00           1.697E+01
            3.380E+00           1.659E+01
            3.400E+00           1.615E+01
            3.420E+00           1.584E+01
            3.440E+00           1.554E+01
            3.460E+00           1.520E+01
            3.480E+00           1.486E+01
            3.500E+00           1.456E+01
            3.520E+00           1.425E+01
            3.540E+00           1.393E+01
            3.560E+00           1.362E+01
            3.580E+00           1.334E+01
            3.600E+00           1.307E+01
            3.620E+00           1.281E+01
            3.640E+00           1.251E+01
            3.660E+00           1.222E+01
            3.680E+00           1.193E+01
            3.700E+00           1.162E+01
            3.720E+00           1.145E+01
            3.740E+00           1.108E+01
            3.760E+00           1.096E+01
            3.780E+00           1.078E+01
            3.800E+00           1.057E+01
            3.820E+00           1.038E+01
            3.840E+00           1.019E+01
            3.860E+00           9.983E+00
            3.880E+00           9.782E+00
            3.900E+00           9.599E+00
            3.920E+00           9.427E+00
            3.940E+00           9.233E+00
            3.960E+00           9.032E+00
            3.980E+00           8.857E+00
            4.000E+00           8.669E+00
            4.020E+00           8.557E+00
            4.040E+00           8.385E+00
            4.060E+00           8.217E+00
            4.080E+00           8.054E+00
            4.100E+00           7.894E+00
            4.120E+00           7.739E+00
            4.140E+00           7.587E+00
            4.160E+00           7.439E+00
            4.180E+00           7.294E+00
            4.200E+00           7.153E+00
            4.220E+00           7.015E+00
            4.240E+00           6.881E+00
            4.260E+00           6.749E+00
            4.280E+00           6.621E+00
            4.300E+00           6.496E+00
            4.320E+00           6.374E+00
            4.340E+00           6.254E+00
            4.360E+00           6.138E+00
            4.380E+00           6.024E+00
            4.400E+00           5.913E+00
            4.420E+00           5.804E+00
            4.440E+00           5.698E+00
            4.460E+00           5.594E+00
            4.480E+00           5.492E+00
            4.500E+00           5.393E+00
            4.520E+00           5.296E+00
            4.540E+00           5.201E+00
            4.560E+00           5.108E+00
            4.580E+00           5.018E+00
            4.600E+00           4.929E+00
            4.620E+00           4.842E+00
            4.640E+00           4.757E+00
            4.660E+00           4.674E+00
            4.680E+00           4.593E+00
            4.700E+00           4.514E+00
            4.720E+00           4.436E+00
            4.740E+00           4.360E+00
            4.760E+00           4.285E+00
            4.780E+00           4.212E+00
            4.800E+00           4.141E+00
            4.820E+00           4.071E+00
            4.840E+00           4.003E+00
            4.860E+00           3.936E+00
            4.880E+00           3.870E+00
            4.900E+00           3.806E+00
            4.920E+00           3.743E+00
            4.940E+00           3.681E+00
            4.960E+00           3.621E+00
            4.980E+00           3.562E+00
            5.000E+00           3.504E+00
            5.050E+00           3.394E+00
            5.100E+00           3.267E+00
            5.150E+00           3.146E+00
            5.200E+00           3.030E+00
            5.250E+00           2.920E+00
            5.300E+00           2.815E+00
            5.350E+00           2.715E+00
            5.400E+00           2.619E+00
            5.450E+00           2.527E+00
            5.500E+00           2.439E+00
            5.550E+00           2.355E+00
            5.600E+00           2.275E+00
            5.650E+00           2.198E+00
            5.700E+00           2.124E+00
            5.750E+00           2.054E+00
            5.800E+00           1.986E+00
            5.850E+00           1.921E+00
            5.900E+00           1.859E+00
            5.950E+00           1.799E+00
            6.000E+00           1.742E+00
            6.050E+00           1.687E+00
            6.100E+00           1.634E+00
            6.150E+00           1.583E+00
            6.200E+00           1.534E+00
            6.250E+00           1.487E+00
            6.300E+00           1.442E+00
            6.350E+00           1.399E+00
            6.400E+00           1.357E+00
            6.450E+00           1.317E+00
            6.500E+00           1.278E+00
            6.550E+00           1.240E+00
            6.600E+00           1.204E+00
            6.650E+00           1.170E+00
            6.700E+00           1.136E+00
            6.750E+00           1.104E+00
            6.800E+00           1.073E+00
            6.850E+00           1.043E+00
            6.900E+00           1.014E+00
            6.950E+00           9.862E-01
            7.000E+00           9.592E-01
            7.050E+00           9.331E-01
            7.100E+00           9.080E-01
            7.150E+00           8.836E-01
            7.200E+00           8.601E-01
            7.250E+00           8.374E-01
            7.300E+00           8.154E-01
            7.350E+00           7.942E-01
            7.400E+00           7.736E-01
            7.450E+00           7.537E-01
            7.500E+00           7.344E-01
            7.550E+00           7.158E-01
            7.600E+00           6.977E-01
            7.650E+00           6.802E-01
            7.700E+00           6.633E-01
            7.750E+00           6.469E-01
            7.800E+00           6.310E-01
            7.850E+00           6.156E-01
            7.900E+00           6.006E-01
            7.950E+00           5.862E-01
            8.000E+00           5.721E-01
            8.050E+00           5.585E-01
            8.100E+00           5.453E-01
            8.150E+00           5.324E-01
            8.200E+00           5.200E-01
            8.250E+00           5.079E-01
            8.300E+00           4.961E-01
            8.350E+00           4.847E-01
            8.400E+00           4.737E-01
            8.450E+00           4.629E-01
            8.500E+00           4.525E-01
            8.550E+00           4.423E-01
            8.600E+00           4.324E-01
            8.650E+00           4.228E-01
            8.700E+00           4.135E-01
            8.750E+00           4.044E-01
            8.800E+00           3.956E-01
            8.850E+00           3.870E-01
            8.900E+00           3.787E-01
            8.950E+00           3.706E-01
            9.000E+00           3.627E-01
            9.050E+00           3.550E-01
            9.100E+00           3.475E-01
            9.150E+00           3.402E-01
            9.200E+00           3.331E-01
            9.250E+00           3.262E-01
            9.300E+00           3.195E-01
            9.350E+00           3.129E-01
            9.400E+00           3.065E-01
            9.450E+00           3.003E-01
            9.500E+00           2.942E-01
            9.550E+00           2.883E-01
            9.600E+00           2.825E-01
            9.650E+00           2.769E-01
            9.700E+00           2.714E-01
            9.750E+00           2.661E-01
            9.800E+00           2.608E-01
            9.850E+00           2.558E-01
            9.900E+00           2.508E-01
            9.950E+00           2.460E-01
            1.000E+01           2.412E-01
            1.100E+01           1.635E-01
            1.200E+01           1.152E-01
            1.300E+01           8.340E-02
            1.400E+01           6.190E-02
            1.500E+01           4.690E-02
            1.600E+01           3.610E-02
            1.700E+01           2.830E-02
            1.800E+01           2.250E-02
            1.900E+01           1.810E-02
            2.000E+01           1.470E-02
            2.500E+01           6.050E-03
            3.000E+01           2.930E-03
            3.500E+01           1.580E-03
            4.000E+01           9.310E-04
            5.000E+01           3.830E-04
            6.000E+01           1.850E-04
            8.000E+01           5.880E-05
            1.000E+02           2.420E-05
            1.200E+02           1.170E-05
            1.500E+02           4.810E-06
            2.000E+02           1.530E-06
            2.500E+02           6.280E-07
            3.000E+02           2.950E-07
            4.000E+02           1.010E-07
            1.000E+03           3.380E-09
