# wave           fluxd
#----- ---------------
0.1195  0.922386542512
0.1205  0.860836219534
0.1215  0.790941541013
0.1225  0.714307082742
0.1235  0.633114165831
0.1245  0.550026051998
0.1255  0.467997262177
0.1265  0.389996805064
0.1275  0.318683566754
0.1285  0.256097326646
0.1295  0.203437785772
0.1305  0.160987658408
0.1315  0.128196734512
0.1325  0.103896923174
0.1335 0.0865836953672
0.1345 0.0746905134416
0.1355 0.0667996157095
0.1365 0.0617633352985
0.1375 0.0587402530175
0.1385 0.0571697838695
0.1395 0.0567146289474
0.1405 0.0571960448734
0.1415 0.0585375268171
0.1425 0.0607230501201
0.1435 0.0637692310525
0.1445 0.0677073917197
0.1455 0.0725709840162
0.1465 0.0783850848026
0.1475 0.0851567149297
0.1485 0.0928668034836
0.1495  0.101466165506
0.1505  0.110878451923
0.1515  0.121012363044
0.1525  0.131783468729
0.1535  0.143143165997
0.1545  0.155109498919
0.1555  0.167792857914
0.1565  0.181409851177
0.1575  0.196281144263
0.1585  0.212813191962
0.1595  0.231468247981
0.1605   0.25273033396
0.1615  0.277075864411
0.1625  0.304956049788
0.1635  0.336794604731
0.1645  0.372999827592
0.1655  0.413986053516
0.1665  0.460196766604
0.1675  0.512120742182
0.1685  0.570293516182
0.1695  0.635279069586
0.1705  0.707630622129
0.1715  0.787834486019
0.1725  0.876246372351
0.1735  0.973034245609
0.1745   1.07814426531
0.1755   1.19130501182
0.1765   1.31207917612
0.1775   1.43996160928
0.1785    1.5745101465
0.1795   1.71548444289
0.1805   1.86296218919
0.1815   2.01740456087
0.1825   2.17965418458
0.1835   2.35086660958
0.1845   2.53239478429
0.1855   2.72565901005
0.1865   2.93203772692
0.1875   3.15280678502
0.1885   3.38914067864
0.1895   3.64217557745
0.1905   3.91312746961
0.1915   4.20346216356
0.1925   4.51512469389
0.1935   4.85084670671
0.1945   5.21455282705
0.1955   5.61187364355
0.1965   6.05074065644
0.1975   6.54198934985
0.1985   7.09983805539
0.1995   7.74205610748
0.2005   8.48960483303
0.2015   9.36555328264
0.2025    10.393159074
0.2035   11.5931712288
0.2045   12.9806377067
0.2055   14.5617331084
0.2065   16.3312824965
0.2075   18.2716628866
0.2085   20.3535636839
0.2095   22.5386939102
0.2105   24.7840266418
0.2115   27.0467170542
0.2125   29.2885783957
0.2135    31.479060031
0.2145   33.5960566222
0.2155   35.6244891577
0.2165   37.5532534588
0.2175   39.3716210558
0.2185   41.0663372915
0.2195   42.6204310304
0.2205   44.0141946186
0.2215   45.2280863361
0.2225   46.2466806271
0.2235   47.0624543472
0.2245   47.6782669137
0.2255   48.1078448806
0.2265   48.3742541617
0.2275   48.5069888575
0.2285   48.5386859984
0.2295   48.5024549633
0.2305   48.4304113102
0.2315   48.3533978634
0.2325   48.3013096361
0.2335   48.3031408233
0.2345   48.3859628737
0.2355    48.572498289
0.2365   48.8776202843
0.2375   49.3047532626
0.2385    49.843540966
0.2395   50.4701253503
0.2405   51.1508987655
0.2415   51.8497560496
0.2425   52.5379027524
0.2435   53.2044481138
0.2445   53.8655726179
0.2455   54.5701473985
0.2465   55.4002905687
0.2475    56.466342331
0.2485   57.8969202768
0.2495   59.8258443985
0.2505     62.37855586
0.2515   65.6609502677
0.2525   69.7530914021
0.2535   74.7089735222
0.2545   80.5615211878
0.2555   87.3298594064
0.2565   95.0243438289
0.2575   103.644732354
0.2585   113.168671782
0.2595   123.531133816
0.2605    134.59954518
0.2615   146.152595494
0.2625   157.871636341
0.2635   169.351494822
0.2645   180.132817599
0.2655   189.752175808
0.2665   197.801040635
0.2675   203.982079854
0.2685   208.151836547
0.2695   210.342395053
0.2705   210.759829153
0.2715   209.762361622
0.2725   207.824755784
0.2735   205.496720021
0.2745   203.362123084
0.2755   202.003396002
0.2765   201.972745123
0.2775   203.769653829
0.2785   207.823023647
0.2795   214.476056113
0.2805   223.972172002
0.2815   236.440589207
0.2825   251.880709979
0.2835   270.145590959
0.2845   290.926777467
0.2855   313.745393675
0.2865   337.956561444
0.2875   362.774539729
0.2885   387.323351096
0.2895   410.712104188
0.2905   432.127107849
0.2915   450.926523351
0.2925   466.720043036
0.2935   479.417278234
0.2945   489.234054572
0.2955   496.654152181
0.2965   502.352970452
0.2975   507.096970854
0.2985   511.637001463
0.2995   516.614014518
0.3005   522.492341144
0.3015    529.52936847
0.3025   537.782545819
0.3035   547.146925375
0.3045   557.410803348
0.3055   568.314915518
0.3065    579.60251469
0.3075   591.052711416
0.3085   602.495838228
0.3095   613.815089307
0.3105   624.941596183
0.3115   635.849879301
0.3125    646.55794808
0.3135   657.132640531
0.3145   667.697536551
0.3155   678.438811664
0.3165   689.603876974
0.3175   701.488318592
0.3185   714.408262656
0.3195   728.657834181
0.3205    744.45489072
0.3215   761.882381273
0.3225   780.836534755
0.3235   800.995109228
0.3245   821.817676837
0.3255   842.584768438
0.3265    862.47442988
0.3275   880.665452238
0.3285   896.448984793
0.3295   909.326824343
0.3305   919.076582542
0.3315   925.770762154
0.3325   929.746747268
0.3335   931.535301693
0.3345   931.763820074
0.3355   931.055310866
0.3365   929.943886941
0.3375    928.82250099
0.3385   927.930010333
0.3395   927.374525988
0.3405   927.181003274
0.3415   927.345587722
0.3425   927.878853543
0.3435   928.824844105
0.3445    930.25130939
0.3455   932.216208548
0.3465   934.723577219
0.3475   937.685963388
0.3485   940.909677664
0.3495   944.113318551
0.3505   946.980877366
0.3515   949.240497913
0.3525   950.751299614
0.3535   951.575983088
0.3545   952.017820965
0.3555   952.607349236
0.3565   954.035266434
0.3575   957.040970196
0.3585   962.277395364
0.3595   970.179338425
0.3605   980.862599474
0.3615   994.075217818
0.3625   1009.21159502
0.3635   1025.38799684
0.3645   1041.56635765
0.3655   1056.70439517
0.3665   1069.90496033
0.3675   1080.53696775
0.3685    1088.3045633
0.3695   1093.25039539
0.3705   1095.69217464
0.3715   1096.10704369
0.3725   1094.99214648
0.3735    1092.7379294
0.3745   1089.54948715
0.3755   1085.43934783
0.3765   1080.29464425
0.3775   1073.99830514
0.3785   1066.56533536
0.3795    1058.2483301
0.3805   1049.57447298
0.3815   1041.29762084
0.3825   1034.27699754
0.3835   1029.31915107
0.3845   1027.03346842
0.3855   1027.74875439
0.3865   1031.51970768
0.3875   1038.22336571
0.3885    1047.7158064
0.3895   1059.99801816
0.3905   1075.33376811
0.3915   1094.27383515
0.3925    1117.5671888
0.3935   1145.97318328
0.3945   1180.01980067
0.3955   1219.77206712
0.3965   1264.67591621
0.3975   1313.52517783
0.3985   1364.56788544
0.3995    1415.7318377
0.4005   1464.91885678
0.4015   1510.30106938
0.4025   1550.55480095
0.4035   1584.98662776
0.4045    1613.5352574
0.4055   1636.66327402
0.4065   1655.17605448
0.4075   1670.01607584
0.4085   1682.07836565
0.4095     1692.079821
0.4105   1700.49670869
0.4115   1707.56645767
0.4125    1713.3362916
0.4135   1717.73469649
0.4145   1720.64238356
0.4155   1721.94577518
0.4165   1721.56557268
0.4175   1719.46280065
0.4185   1715.63229593
0.4195   1710.09708738
0.4205   1702.91571242
0.4215   1694.20865888
0.4225   1684.20141953
0.4235   1673.27265796
0.4245    1661.9896826
0.4255   1651.11240313
0.4265   1641.55249144
0.4275   1634.28582728
0.4285   1630.23049452
0.4295   1630.11507107
0.4305   1634.36811259
0.4315   1643.05669215
0.4325   1655.88986549
0.4335    1672.2855669
0.4345    1691.4824553
0.4355   1712.66734341
0.4365   1735.08747747
0.4375   1758.12488926
0.4385   1781.32373202
0.4395   1804.37563643
0.4405    1827.0779507
0.4415   1849.28291742
0.4425   1870.85299003
0.4435   1891.63131558
0.4445    1911.4300789
0.4455   1930.03501888
0.4465   1947.22236602
0.4475   1962.78378117
0.4485    1976.5544191
0.4495   1988.43852757
0.4505   1998.42653795
0.4515   2006.59840415
0.4525   2013.11062241
0.4535   2018.16854432
0.4545   2021.98994959
0.4555    2024.7687242
0.4565   2026.64775155
0.4575   2027.70766066
0.4585   2027.97378526
0.4595     2027.438988
0.4605   2026.09622323
0.4615   2023.97267275
0.4625   2021.15721862
0.4635   2017.81468787
0.4645   2014.18322598
0.4655   2010.55470079
0.4665   2007.24149398
0.4675   2004.53568048
0.4685   2002.66783249
0.4695   2001.77225161
0.4705   2001.86354355
0.4715   2002.82679473
0.4725   2004.42114228
0.4735   2006.29509281
0.4745    2008.0118945
0.4755   2009.08422702
0.4765   2009.01843509
0.4775   2007.36826715
0.4785   2003.79579267
0.4795   1998.13306187
0.4805   1990.43354171
0.4815   1980.99962082
0.4825   1970.37363234
0.4835   1959.28582673
0.4845   1948.56256021
0.4855   1939.00883785
0.4865   1931.28757226
0.4875   1925.82041093
0.4885   1922.73061795
0.4895   1921.83861246
0.4905   1922.70860889
0.4915   1924.73411804
0.4925   1927.24360139
0.4935   1929.60619121
0.4945   1931.32018469
0.4955   1932.07217043
0.4965   1931.76046495
0.4975   1930.48209178
0.4985   1928.48758854
0.4995    1926.1124229
0.5005   1923.69736806
0.5015   1921.51206525
0.5025   1919.69540075
0.5035   1918.22301268
0.5045   1916.90686825
0.5055   1915.42579735
0.5065   1913.38067581
0.5075   1910.36465746
0.5085   1906.03762459
0.5095   1900.19429042
0.5105   1892.81637273
0.5115    1884.1005778
0.5125   1874.45605916
0.5135   1864.46824018
0.5145     1854.830903
0.5155   1846.25488836
0.5165   1839.36814314
0.5175   1834.62596376
0.5185   1832.25003321
0.5195   1832.20935056
0.5205    1834.2463891
0.5215    1837.9405448
0.5225   1842.79175554
0.5235   1848.30315114
0.5245   1854.04401215
0.5255   1859.68211956
0.5265   1864.98482151
0.5275   1869.79720629
0.5285   1874.01080722
0.5295    1877.5362141
0.5305   1880.28872161
0.5315   1882.18989545
0.5325   1883.18207674
0.5335   1883.24905216
0.5345   1882.43495309
0.5355   1880.85455196
0.5365   1878.69070681
0.5375   1876.17797582
0.5385   1873.57474238
0.5395    1871.1289955
0.5405   1869.04461708
0.5415   1867.45511883
0.5425   1866.41004192
0.5435    1865.8760425
0.5445   1865.75098019
0.5455    1865.8863346
0.5465   1866.11200393
0.5475   1866.25831981
0.5485   1866.17243671
0.5495    1865.7290091
0.5505   1864.83704409
0.5515   1863.44524314
0.5525   1861.54702379
0.5535   1859.18447465
0.5545   1856.44885279
0.5555   1853.47484558
0.5565   1850.42705879
0.5575   1847.47965722
0.5585   1844.79276421
0.5595   1842.49094535
0.5605   1840.64903675
0.5615    1839.2886256
0.5625   1838.38532184
0.5635   1837.88373883
0.5645    1837.7150077
0.5655   1837.81140989
0.5665   1838.11433652
0.5675   1838.57459179
0.5685   1839.14696664
0.5695   1839.78293688
0.5705   1840.42560228
0.5715   1841.00953601
0.5725   1841.46567491
0.5735   1841.72881809
0.5745   1841.74382943
0.5755   1841.46697826
0.5765   1840.86098896
0.5775   1839.88550542
0.5785   1838.48749388
0.5795   1836.59729666
0.5805   1834.13486426
0.5815   1831.02731727
0.5825   1827.23453008
0.5835   1822.77553534
0.5845   1817.74679021
0.5855   1812.32460313
0.5865   1806.74810985
0.5875     1801.284886
0.5885   1796.18672945
0.5895   1791.64649328
0.5905   1787.76693221
0.5915    1784.5492721
0.5925   1781.90368092
0.5935   1779.67779994
0.5945   1777.69486771
0.5955   1775.79106119
0.5965   1773.84285675
0.5975   1771.77885979
0.5985   1769.57536757
0.5995   1767.23942708
0.6005   1764.78611374
0.6015   1762.21755769
0.6025   1759.50992386
0.6035   1756.61171323
0.6045   1753.45332832
0.6055   1749.96480001
0.6065   1746.09664108
0.6075   1741.83830853
0.6085   1737.22962936
0.6095   1732.36236132
0.6105    1727.3712848
0.6115   1722.41637449
0.6125   1717.65934871
0.6135   1713.23904086
0.6145   1709.25043436
0.6155   1705.73170926
0.6165   1702.66217459
0.6175   1699.97161173
0.6185   1697.55876577
0.6195   1695.31426757
0.6205   1693.14203911
0.6215   1690.97382497
0.6225   1688.77382891
0.6235   1686.53367149
0.6245   1684.26076774
0.6255   1681.96470374
0.6265   1679.64593725
0.6275   1677.28960522
0.6285   1674.86523688
0.6295   1672.33149005
 0.631   1668.23005029
 0.633    1662.0306438
 0.635   1654.93929099
 0.637   1647.08209205
 0.639   1638.62347013
 0.641   1629.64091832
 0.643   1620.09072373
 0.645   1609.77252632
 0.647   1598.30574183
 0.649   1585.29524797
 0.651   1570.84375016
 0.653   1556.18991086
 0.655   1543.74869441
 0.657   1536.00348815
 0.659    1533.8228991
 0.661   1535.66374809
 0.663   1538.47153248
 0.665   1539.49172966
 0.667   1537.50430262
 0.669   1532.80330217
 0.671   1526.38909148
 0.673   1519.17690211
 0.675   1511.63958851
 0.677   1503.86156393
 0.679   1495.79640198
 0.681   1487.50864027
 0.683   1479.24003501
 0.685   1471.26865279
 0.687   1463.68903572
 0.689   1456.30940726
 0.691   1448.76246334
 0.693   1440.75395767
 0.695   1432.28636055
 0.697   1423.72749564
 0.699   1415.67060547
 0.701   1408.62299066
 0.703   1402.68120792
 0.705   1397.42005367
 0.707   1392.10251886
 0.709    1386.0664908
 0.711   1379.02854525
 0.713    1371.1796407
 0.715   1363.11586381
 0.717   1355.64559624
 0.719   1349.46143454
 0.721   1344.76703639
 0.723   1341.11111501
 0.725   1337.61134809
 0.727   1333.42552401
 0.729   1328.10277337
 0.731   1321.60626305
 0.733   1314.15068788
 0.735   1306.11785308
 0.737   1298.08795556
 0.739   1290.77895961
 0.741   1284.75861181
 0.743    1280.1039864
 0.745   1276.33306109
 0.747    1272.7076684
 0.749   1268.65742243
 0.751   1263.99318196
 0.753   1258.81473467
 0.755   1253.27260513
 0.757   1247.38990449
 0.759   1241.04736794
 0.761   1234.13096509
 0.763   1226.75309296
 0.765   1219.36760269
 0.767   1212.61825065
 0.769    1206.9797962
 0.771   1202.48292523
 0.773   1198.75985182
 0.775   1195.33738432
 0.777   1191.89770282
 0.779   1188.32531595
 0.781   1184.58286214
 0.783   1180.56771351
 0.785   1176.07383251
 0.787   1170.90235226
 0.789   1165.05500101
 0.791   1158.84307581
 0.793   1152.76679433
 0.795   1147.21073015
 0.797   1142.19616422
 0.799   1137.40929495
 0.801    1132.4861821
 0.803   1127.31575054
 0.805   1122.11752338
 0.807   1117.23584733
 0.809   1112.80858111
 0.811    1108.5754918
 0.813   1104.01452425
 0.815   1098.74929985
 0.817   1092.91539421
 0.819   1087.13831521
 0.821   1082.07668161
 0.823   1077.91130714
 0.825    1074.2322293
 0.826   1072.36219185
 0.828   1068.19983666
  0.83    1063.3097487
 0.832    1057.9199044
 0.834   1052.50094103
 0.836    1047.3479117
 0.838   1042.32509932
  0.84   1036.91663086
 0.842   1030.43687977
 0.844   1022.27244467
 0.846   1012.19865055
 0.848   1000.77067095
  0.85   989.514659486
 0.852   980.510707759
 0.854   975.318123522
 0.856   973.877472624
 0.858   974.335771958
  0.86   974.162032981
 0.862   971.830511521
 0.864   967.772770465
 0.866   963.849052662
 0.868   961.815127147
  0.87   962.058713369
 0.872   963.526478285
 0.874    964.65382504
 0.876    964.36832925
 0.878   962.469191539
  0.88   959.397596171
 0.882   955.806192324
 0.884   952.232955687
 0.886   948.944515581
 0.888    945.91137634
  0.89   942.883027747
 0.892   939.531654133
 0.894   935.615310048
 0.896   931.108156311
 0.898   926.243124589
   0.9   921.413487556
 0.902   916.957721828
 0.904    912.98905621
 0.906   909.428250706
 0.908   906.173284437
  0.91   903.164311486
 0.912   900.250012012
 0.914   897.059070923
 0.916   893.125155145
 0.918   888.236075593
  0.92    882.70542302
 0.922   877.289629982
 0.924   872.763559475
 0.926   869.457398241
 0.928    867.09040956
  0.93   864.984905162
 0.932   862.452492994
 0.934   859.087278491
 0.936   854.869818775
 0.938   850.134198457
  0.94   845.436203326
 0.942   841.309173139
 0.944   837.969758467
 0.946   835.168635345
 0.948   832.350798276
  0.95   829.046837634
 0.952   825.190254837
 0.954   821.100811808
 0.956   817.172229746
 0.958   813.564392142
  0.96   810.161592771
 0.962   806.770916902
 0.964   803.315286888
 0.966    799.84252155
 0.968   796.404928961
  0.97   792.982474607
 0.972   789.525510932
 0.974   786.036498792
 0.976   782.580107747
 0.978   779.212598338
  0.98   775.916036931
 0.982   772.612184559
 0.984   769.245541265
 0.986     765.8574251
 0.988   762.578873023
  0.99   759.536603608
 0.992   756.736070102
 0.994   754.005408389
 0.996   751.047467825
 0.998   747.589093072
   1.0   743.562203725
 1.002   739.204468409
 1.004   734.969917565
 1.006   731.256423334
 1.008   728.135622416
  1.01   725.315338098
 1.012   722.374838741
 1.014   719.070512107
 1.016   715.470576748
 1.018   711.853407638
  1.02   708.487884747
 1.022   705.459381314
 1.024   702.636228802
 1.026   699.772098747
 1.028   696.663132062
  1.03   693.257019598
 1.032   689.655465546
 1.034    686.02799471
 1.036   682.506993552
 1.038   679.131888818
  1.04   675.867522605
 1.042   672.669262217
 1.044   669.535532493
 1.046   666.501353091
 1.048   663.582326039
  1.05   660.730371423
 1.052   657.854151546
 1.054   654.891852741
 1.056   651.867299416
 1.058   648.869354391
  1.06   645.966311515
 1.062   643.140074035
 1.064   640.318784495
 1.066   637.484702204
 1.068   634.738356267
  1.07   632.233370726
 1.072   630.036343043
 1.074   628.053304675
 1.076   626.099372916
 1.078   624.046279772
  1.08   621.908575687
 1.082   619.786054792
 1.084   617.712367128
 1.086   615.554255534
 1.088   613.076119928
  1.09   610.143137234
 1.092   606.896351728
 1.094   603.728027162
 1.096   601.048278745
 1.098   599.027603697
   1.1   597.522234768
 1.102   596.211436338
 1.104   594.798608694
 1.106   593.127457642
 1.108   591.185681394
  1.11   589.051057426
 1.112   586.829775231
 1.114   584.607273208
 1.116   582.420825866
 1.118   580.258901151
  1.12    578.08417195
 1.122   575.870700744
 1.124   573.637382887
 1.126   571.449027737
 1.128    569.36911709
  1.13   567.394488631
 1.132    565.43575826
 1.134      563.377633
 1.136    561.17953402
 1.138   558.931265297
  1.14   556.808450589
 1.142   554.956053643
 1.144   553.391394006
 1.146   551.999334544
 1.148   550.607752662
  1.15   549.066951969
 1.152   547.277845352
 1.154    545.18782201
 1.156   542.804939133
 1.158   540.232170931
  1.16   537.665582537
 1.162   535.319606636
 1.164   533.319732169
 1.166    531.64138072
 1.168    530.13370795
  1.17   528.604444538
 1.172   526.913665105
 1.174    525.02842573
 1.176   523.012344209
 1.178   520.966729259
  1.18    518.97770345
 1.182   517.108517176
 1.184   515.416289323
 1.186   513.941094102
 1.188   512.653963082
  1.19    511.41649039
 1.192   510.022477257
 1.194   508.324127235
 1.196   506.342835135
 1.198   504.248918654
   1.2    502.21812563
 1.202   500.308978611
 1.204   498.482285144
 1.206   496.720616898
 1.208   495.097206999
  1.21   493.712935652
 1.212    492.57422743
 1.214   491.545745528
 1.216   490.424687706
 1.218   489.060393066
  1.22   487.416777614
 1.222    485.55031316
 1.224   483.550866287
 1.226   481.496896477
 1.228   479.437521486
  1.23   477.390275049
 1.232   475.348093837
 1.234   473.297233108
 1.236   471.243476174
 1.238   469.232653484
  1.24   467.345472233
 1.242   465.657671461
 1.244   464.185506012
 1.246   462.859623402
 1.248   461.555881035
  1.25   460.163673555
 1.252   458.637975142
 1.254   456.998492105
 1.256   455.289735691
 1.258   453.546477318
  1.26    451.79369683
 1.262   450.071361938
 1.264   448.449481612
 1.266   447.004037188
 1.268    445.75248715
  1.27   444.582210222
 1.272   443.229540428
 1.274   441.363770245
 1.276   438.779756794
 1.278   435.602506438
  1.28   432.326865537
 1.282   429.583644026
 1.284   427.756928581
 1.286   426.755694898
 1.288   426.127853988
  1.29   425.390074062
 1.292   424.282215684
 1.294   422.794544639
 1.296   421.048051263
 1.298   419.180102396
   1.3    417.29647675
 1.302    415.45699538
 1.304   413.660088706
 1.306   411.842011266
 1.308   409.922973484
  1.31   407.886317303
 1.312   405.823510548
 1.314   403.890160708
 1.316   402.196270555
 1.318   400.718689996
  1.32   399.307710954
 1.322   397.781340479
 1.324   396.035878598
 1.326     394.0988748
 1.328   392.096944585
  1.33   390.166784926
 1.332   388.373061428
 1.334   386.690561255
 1.336     385.0556894
 1.338   383.432538023
  1.34   381.832175344
 1.342   380.279604794
 1.344   378.776155775
 1.346   377.297164916
 1.348   375.817335975
  1.35   374.332448276
 1.352   372.863111123
 1.354   371.446569951
 1.356    370.12150677
 1.358   368.906372867
  1.36   367.781598601
 1.362   366.693821318
 1.364   365.585626162
 1.366   364.429233184
 1.368   363.236875934
  1.37   362.042516756
 1.372   360.875315078
 1.374   359.747154391
 1.376   358.656273818
 1.378    357.59456524
  1.38   356.551709611
 1.382   355.518686447
 1.384   354.491200905
 1.386   353.468889103
 1.388   352.449271646
  1.39   351.420928408
 1.392   350.361693965
 1.394   349.246595112
 1.396   348.065894469
 1.398   346.842295023
   1.4   345.627464964
 1.402   344.470338577
 1.404   343.380499784
 1.406   342.324389837
 1.408   341.262948467
  1.41   340.191480118
 1.412   339.133707262
 1.414   338.091891519
 1.416   337.010609197
 1.418   335.804458837
  1.42   334.432826831
 1.422   332.953940722
 1.424   331.509745072
 1.426   330.252674855
 1.428   329.262314646
  1.43   328.496238597
 1.432   327.799771539
 1.434    326.97822707
 1.436   325.904054345
 1.438    324.59658277
  1.44   323.210837121
 1.442   321.930511136
 1.444   320.842455676
 1.446   319.894399042
 1.448   318.966734418
  1.45   317.986525801
 1.452   316.979817884
 1.454   316.025735461
 1.456   315.170099451
 1.458   314.384396897
  1.46   313.598179126
 1.462   312.756860583
 1.464   311.843422327
 1.466   310.858141443
 1.468   309.801908858
  1.47   308.693245957
 1.472   307.591774212
 1.474   306.579386742
 1.476   305.695657417
 1.478   304.884684047
  1.48   304.017222562
 1.482   302.992000266
 1.484   301.843056662
 1.486   300.753468063
 1.488   299.937700208
  1.49   299.469723032
 1.492   299.195069243
 1.494   298.798936872
 1.496   297.976464311
 1.498   296.596399773
   1.5   294.783902017
 1.502    292.88740459
 1.504   291.320354073
 1.506   290.339357794
 1.508   289.903390127
  1.51   289.726525296
 1.512    289.47723679
 1.514   288.958606338
 1.516   288.153624281
 1.518   287.157967013
  1.52   286.090340861
 1.522   285.035922166
 1.524    284.02794569
 1.526   283.058555218
 1.528   282.106717183
  1.53   281.160382046
 1.532   280.217569589
 1.534   279.279592001
 1.536   278.356265083
 1.538   277.472977129
  1.54   276.652711041
 1.542   275.878984298
 1.544   275.084325484
 1.546     274.1905903
 1.548   273.169439137
  1.55   272.069004557
 1.552    270.98908246
 1.554   270.028813153
 1.556   269.237686117
 1.558   268.590817439
  1.56   268.002250878
 1.562   267.372157797
 1.564   266.634463821
 1.566   265.766998521
 1.568   264.767228639
  1.57   263.640149562
 1.572   262.427452137
 1.574   261.236576511
 1.576   260.198140554
 1.578   259.353687562
  1.58   258.579319803
 1.582   257.649249951
 1.584   256.416523616
 1.586   254.963891448
 1.588   253.583980271
  1.59   252.586271118
 1.592   252.080642913
 1.594   251.911663167
 1.596   251.782102841
 1.598   251.441439327
   1.6   250.787986226
 1.602   249.845405725
 1.604   248.686099828
 1.606   247.383307796
 1.608   246.008605775
  1.61    244.64036609
 1.612   243.356721329
 1.614   242.222597847
 1.616     241.2887899
 1.618    240.59539707
  1.62   240.157193991
 1.622   239.930919742
 1.624    239.79467495
 1.626   239.567133165
 1.628   239.061730182
  1.63   238.146491416
 1.632   236.786478544
 1.634   235.064291109
 1.636   233.175104078
 1.638   231.381447055
  1.64   229.923438706
 1.642   228.920474724
 1.644    228.32724985
 1.646   227.977820144
 1.648   227.685530732
  1.65   227.327949622
 1.652   226.868868344
 1.654   226.324745333
 1.656   225.717802922
 1.658   225.051373863
  1.66    224.31472061
 1.662   223.501962776
 1.664   222.623595063
 1.666   221.697649583
 1.668   220.725587361
  1.67   219.674211361
 1.672   218.485872423
 1.674   217.122544678
 1.676   215.623530078
 1.678   214.133983708
  1.68   212.863638851
 1.682   211.981614513
 1.684    211.51709127
 1.686   211.344596586
 1.688   211.260756085
  1.69   211.082335552
 1.692   210.697912513
 1.694   210.068431981
 1.696   209.210788135
 1.698   208.183124322
   1.7   207.065452143
 1.702   205.933705401
 1.704   204.843748385
 1.706   203.837786161
 1.708   202.957638472
  1.71   202.235700019
 1.712   201.661551857
 1.714   201.161883185
 1.716   200.629962556
 1.718   199.990556692
  1.72   199.241715335
 1.722   198.429059369
 1.724   197.570921321
 1.726    196.60473123
 1.728    195.41701679
  1.73    193.95109107
 1.732   192.308788454
 1.734   190.746426694
 1.736   189.541954181
 1.738   188.824332913
  1.74   188.499051698
 1.742   188.325111539
 1.744   188.072472802
 1.746   187.636244202
 1.748   187.041868891
  1.75   186.370875891
 1.752   185.682080082
 1.754   184.981405327
 1.756   184.244794199
 1.758   183.462364621
  1.76   182.663475235
 1.762   181.902071107
 1.764   181.216459123
 1.766   180.599173509
 1.768   180.000651749
  1.77   179.359805322
 1.772   178.637894244
 1.774    177.83812122
 1.776   177.004797691
 1.778   176.203164401
  1.78    175.48887752
 1.782    174.88273666
 1.784   174.362871715
 1.786   173.876284146
 1.788   173.363719006
  1.79   172.786824309
 1.792   172.143470097
 1.794   171.462949339
 1.796   170.787887505
 1.798   170.157879371
   1.8    169.60006476
 1.802     169.1179518
 1.804   168.672803958
 1.806   168.169909274
 1.808   167.473252832
  1.81   166.461968247
 1.812    165.11334173
 1.814   163.563992969
 1.816   162.089890219
 1.818   160.986794066
  1.82   160.413314092
 1.822   160.305834041
 1.824   160.426992885
 1.826   160.504439306
 1.828   160.356297605
  1.83   159.932618846
 1.832    159.27903655
 1.834   158.475384841
 1.836   157.594507395
 1.838   156.692656902
  1.84    155.81756623
 1.842   155.015616495
 1.844   154.327834733
 1.846   153.775520924
 1.848   153.345935767
  1.85    152.99254026
 1.852   152.655822218
 1.854   152.292463798
 1.856    151.89078921
 1.858   151.461539058
  1.86   151.012161026
 1.862   150.520002471
 1.864   149.916715097
 1.866   149.098037924
 1.868   147.976293687
  1.87   146.570965606
 1.872   145.079533893
 1.874   143.840589108
 1.876   143.164122514
 1.878   143.133228846
  1.88   143.538368146
 1.882    144.00203844
 1.884   144.188094037
 1.886   143.940612982
 1.888    143.29255197
  1.89   142.395164842
 1.892   141.439414832
 1.894   140.595613274
 1.896   139.967028797
 1.898   139.562192214
   1.9   139.303331885
 1.902   139.073676285
 1.904   138.777196766
 1.906   138.374870448
 1.908   137.882194163
  1.91   137.340988451
 1.912   136.790063472
 1.914   136.251503709
 1.916   135.733402041
 1.918   135.237316496
  1.92   134.759062123
 1.922   134.285299333
 1.924   133.799062756
 1.926   133.297250469
 1.928   132.801297922
  1.93   132.338690871
 1.932   131.899635303
 1.934   131.405571287
 1.936   130.729563501
 1.938    129.77416787
  1.94   128.563585494
 1.942    127.28038383
 1.944   126.201247221
 1.946   125.557551368
 1.948   125.412010607
  1.95   125.635298172
 1.952   125.986408722
 1.954   126.228469034
 1.956    126.21191236
 1.958   125.903497876
  1.96   125.371014038
 1.962   124.736561387
 1.964   124.114199333
 1.966   123.560310405
 1.968   123.064940795
  1.97   122.585134186
 1.972   122.089153595
 1.974    121.57757547
 1.976    121.07439125
 1.978   120.606045347
  1.98   120.186836856
 1.982   119.815183496
 1.984   119.475645859
 1.986   119.142348833
 1.988   118.785476068
  1.99   118.384018173
 1.992   117.939369663
 1.994   117.476335729
 1.996   117.026660351
 1.998   116.609113605
   2.0   116.224539361
 2.002   115.866652893
 2.004   115.532169054
 2.006   115.218124066
 2.008   114.912208681
  2.01   114.590017019
 2.012   114.223920694
 2.014   113.796472707
 2.016   113.309571366
 2.018   112.784906387
  2.02   112.254206672
 2.022   111.742377805
 2.024   111.254322746
 2.026   110.776657926
 2.028   110.292596275
  2.03   109.796137058
 2.032   109.295974385
 2.034   108.811837642
 2.036   108.367923666
 2.038   107.982091234
  2.04   107.651948468
 2.042   107.348656142
 2.044   107.028229478
 2.046    106.65466525
 2.048   106.217215576
  2.05   105.729297511
 2.052   105.212464847
 2.054   104.680392576
 2.056    104.13624019
 2.058   103.583833942
  2.06   103.039484588
 2.062   102.530262348
 2.064   102.078871943
 2.066   101.689932423
 2.068   101.349973796
  2.07   101.037217103
 2.072   100.728932711
 2.074    100.40352991
 2.076   100.044961273
 2.078   99.6516471901
  2.08   99.2397905513
 2.082   98.8320837367
 2.084   98.4388968749
 2.086   98.0505432817
 2.088   97.6506710534
  2.09    97.239368903
 2.092   96.8429166473
 2.094   96.4990640625
 2.096    96.230448783
 2.098   96.0290004273
   2.1   95.8617172982
 2.102   95.6892690727
 2.104    95.482713303
 2.106    95.230629349
 2.108   94.9370762178
  2.11   94.6141118632
 2.112   94.2739371795
 2.114   93.9256713637
 2.116   93.5777520027
 2.118   93.2415625095
  2.12   92.9312960459
 2.122   92.6592477992
 2.124    92.429250647
 2.126   92.2320149208
 2.128   92.0463570695
  2.13   91.8483292127
 2.132   91.6240736391
 2.134   91.3766164179
 2.136   91.1201142079
 2.138   90.8666738442
  2.14   90.6183393205
 2.142   90.3705477168
 2.144   90.1203823941
 2.146   89.8689503464
 2.148   89.6155833575
  2.15   89.3499853613
 2.152    89.047516177
 2.154   88.6684278442
 2.156   88.1638642907
 2.158   87.4964048711
  2.16   86.6766214598
 2.162   85.7952613836
 2.164   85.0140951147
 2.166   84.4975765822
 2.168   84.3203251662
  2.17   84.4209226462
 2.172   84.6423501239
 2.174   84.8260783691
 2.176    84.885994716
 2.178   84.8179349188
  2.18   84.6607077826
 2.182    84.454307101
 2.184    84.224516533
 2.186   83.9894987842
 2.188   83.7668918654
  2.19   83.5687764656
 2.192   83.3908554582
 2.194   83.2095518043
 2.196   82.9915042314
 2.198   82.7086954573
   2.2   82.3517139247
 2.202   81.9380916299
 2.204   81.5118922124
 2.206   81.1287104839
 2.208   80.8285851491
  2.21   80.6140493429
 2.212   80.4516731251
 2.214   80.2957835512
 2.216   80.1133308143
 2.218   79.8920318336
  2.22   79.6340122171
 2.222   79.3485969833
 2.224   79.0501766882
 2.226   78.7553654452
 2.228   78.4747423666
  2.23   78.2048897315
 2.232   77.9303384209
 2.234   77.6362152396
 2.236   77.3210101275
 2.238   76.9979094257
  2.24     76.68378162
 2.242   76.3861909405
 2.244    76.099574116
 2.246   75.8122062188
 2.248   75.5164104567
  2.25   75.2138520762
 2.252   74.9134401355
 2.254   74.6247356844
 2.256   74.3522139962
 2.258   74.0950043489
  2.26   73.8519405896
 2.262   73.6258642039
 2.264   73.4214520873
 2.266   73.2384354103
 2.268   73.0675395625
  2.27   72.8929296915
 2.272   72.6981732243
 2.274   72.4718065229
 2.276   72.2123003997
 2.278    71.932249943
  2.28   71.6568651751
 2.282   71.4116438397
 2.284   71.2040403939
 2.286   71.0142838054
 2.288   70.8067223473
  2.29   70.5558268422
 2.292    70.267015025
 2.294   69.9755951082
 2.296   69.7244870863
 2.298   69.5377455213
   2.3   69.4086721549
 2.302   69.3080188192
 2.304   69.2023119619
 2.306   69.0680054228
 2.308     68.89483784
  2.31   68.6814638647
 2.312   68.4297288203
 2.314   68.1414023123
 2.316   67.8183279732
 2.318   67.4661842658
  2.32   67.1003934127
 2.322   66.7485180359
 2.324   66.4424990239
 2.326   66.2023234994
 2.328   66.0237399528
  2.33   65.8820668311
 2.332   65.7497918422
 2.334   65.6129131939
 2.336   65.4733165828
 2.338    65.337732391
  2.34   65.2040658756
 2.342   65.0556702057
 2.344   64.8668597372
 2.346   64.6160948115
 2.348   64.3003195396
  2.35   63.9432185718
 2.352   63.5908749974
 2.354    63.293624771
 2.356   63.0827390672
 2.358   62.9563077741
  2.36   62.8827300246
 2.362    62.817549308
 2.364   62.7222256327
 2.366   62.5763517321
 2.368   62.3812619833
  2.37   62.1556500333
 2.372   61.9235186339
 2.374   61.6977083552
 2.376   61.4692845395
 2.378   61.2147771763
  2.38   60.9207175865
 2.382   60.6060344646
 2.384   60.3193983623
 2.386   60.1097555985
 2.388   59.9942110113
  2.39   59.9497904681
 2.392    59.932352578
 2.394   59.9032738791
 2.396    59.843948246
 2.398   59.7536883782
   2.4   59.6390498898
 2.402   59.5035761434
 2.404    59.342256279
 2.406   59.1420128784
 2.408   58.8891560885
  2.41   58.5826753904
 2.412   58.2459560042
 2.414   57.9248595558
 2.416   57.6672135514
 2.418   57.4960430557
  2.42   57.3980117065
 2.422   57.3359701295
 2.424   57.2726462111
 2.426   57.1858139629
 2.428   57.0686024027
  2.43   56.9233134653
 2.432   56.7574920028
 2.434   56.5817820981
 2.436   56.4047896283
 2.438   56.2256838059
  2.44   56.0319665778
 2.442   55.8076630992
 2.444   55.5471573388
 2.446   55.2631486361
 2.448   54.9819856111
  2.45   54.7311582607
 2.452   54.5293475715
 2.454   54.3837614415
 2.456   54.2908422584
 2.458   54.2357537578
  2.46   54.1926298853
 2.462   54.1308752605
 2.464   54.0274125027
 2.466   53.8771000191
 2.468   53.6927055753
  2.47    53.493264368
 2.472   53.2892903599
 2.474   53.0771025504
 2.476   52.8478089535
 2.478   52.6032448366
  2.48   52.3636859868
 2.482   52.1592518887
 2.484   52.0120485737
 2.486   51.9236504755
 2.488   51.8763018542
  2.49   51.8448625229
 2.492   51.8102570257
 2.494   51.7661920426
 2.496   51.7168360606
 2.498   51.6698043658
   2.5   51.6305490864
  2.52   49.8401291641
  2.54   48.1400938666
  2.56   46.7200670475
  2.58   45.5000972189
   2.6   44.5698022098
  2.62   43.0501944379
  2.64   42.1098726097
  2.66   40.7900703999
  2.68   39.6800335238
   2.7   38.6699899429
  2.72   37.6300134095
  2.74   36.6299430096
  2.76   35.4601307427
  2.78   34.6799832381
   2.8   33.8499832381
  2.82           32.97
  2.84   32.0899932952
  2.86   31.1900100571
  2.88   30.3200804571
   2.9    29.689946362
  2.92   28.9000201143
  2.94   28.1700201143
  2.96   27.4999966476
  2.98   26.8199932952
   3.0   26.1200167619
  3.02   25.4699430096
  3.04   24.6501307427
  3.06   24.2199497143
  3.08           23.64
   3.1   23.0599932952
  3.12   22.4600402285
  3.14   21.9799798857
  3.16   21.4400201143
  3.18           20.96
   3.2           20.48
  3.22   19.9999966476
  3.24   19.5100167619
  3.26   19.0699832381
  3.28   18.5799765334
   3.3   18.0200737523
  3.32   17.6800100571
  3.34   17.3699698286
  3.36   16.9700067048
  3.38   16.5899798857
   3.4   16.1500435809
  3.42   15.8400033524
  3.44   15.5399865905
  3.46            15.2
  3.48   14.8600134095
   3.5   14.5599966476
  3.52   14.2499966476
  3.54   13.9300033524
  3.56   13.6200100571
  3.58   13.3400033524
   3.6   13.0700033524
  3.62   12.8099865905
  3.64   12.5100033524
  3.66           12.22
  3.68   11.9299932952
   3.7   11.6200469333
  3.72   11.4499329525
  3.74   11.0800838094
  3.76   10.9599798857
  3.78   10.7799899429
   3.8   10.5700067048
  3.82           10.38
  3.84    10.189994301
  3.86   9.98300201143
  3.88   9.78200603428
   3.9   9.59900368761
  3.92   9.42699262477
  3.94   9.23299765334
  3.96   9.03200871618
  3.98   8.85699564191
   4.0   8.66902547807
  4.02   8.55697988574
  4.04   8.38500134095
  4.06   8.21700167619
  4.08   8.05400100571
   4.1   7.89400167619
  4.12   7.73900100571
  4.14   7.58700134095
  4.16   7.43900100571
  4.18   7.29400134095
   4.2   7.15300100571
  4.22   7.01500134095
  4.24   6.88100067048
  4.26   6.74900134095
  4.28   6.62100100571
   4.3   6.49600100571
  4.32   6.37400067048
  4.34   6.25400134095
  4.36   6.13800067048
  4.38   6.02400100571
   4.4   5.91300067048
  4.42   5.80400100571
  4.44   5.69800067048
  4.46   5.59400067048
  4.48   5.49200100571
   4.5   5.39300067048
  4.52   5.29600067048
  4.54   5.20100067048
  4.56   5.10800100571
  4.58   5.01800033524
   4.6   4.92900067048
  4.62   4.84200067048
  4.64   4.75700067048
  4.66   4.67400067048
  4.68   4.59300067048
   4.7   4.51400033524
  4.72   4.43600067048
  4.74   4.36000033524
  4.76   4.28500067048
  4.78   4.21200067048
   4.8   4.14100033524
  4.82   4.07100067048
  4.84   4.00300033524
  4.86   3.93600033524
  4.88   3.87000067048
   4.9   3.80600033524
  4.92   3.74300033524
  4.94   3.68100067048
  4.96   3.62100033524
  4.98   3.56200033524
   5.0   3.50401945031
  5.05           3.394
   5.1           3.267
  5.15           3.146
   5.2            3.03
  5.25            2.92
   5.3           2.815
  5.35           2.715
   5.4           2.619
  5.45           2.527
   5.5           2.439
  5.55           2.355
   5.6           2.275
  5.65           2.198
   5.7           2.124
  5.75           2.054
   5.8           1.986
  5.85           1.921
   5.9           1.859
  5.95           1.799
   6.0           1.742
  6.05           1.687
   6.1           1.634
  6.15           1.583
   6.2           1.534
  6.25           1.487
   6.3           1.442
  6.35           1.399
   6.4           1.357
  6.45           1.317
   6.5           1.278
  6.55            1.24
   6.6           1.204
  6.65            1.17
   6.7           1.136
  6.75           1.104
   6.8           1.073
  6.85           1.043
   6.9           1.014
  6.95          0.9862
   7.0          0.9592
  7.05          0.9331
   7.1           0.908
  7.15          0.8836
   7.2          0.8601
  7.25          0.8374
   7.3          0.8154
  7.35          0.7942
   7.4          0.7736
  7.45          0.7537
   7.5          0.7344
  7.55          0.7158
   7.6          0.6977
  7.65          0.6802
   7.7          0.6633
  7.75          0.6469
   7.8           0.631
  7.85          0.6156
   7.9          0.6006
  7.95          0.5862
   8.0          0.5721
  8.05          0.5585
   8.1          0.5453
  8.15          0.5324
   8.2            0.52
  8.25          0.5079
   8.3          0.4961
  8.35          0.4847
   8.4          0.4737
  8.45          0.4629
   8.5          0.4525
  8.55          0.4423
   8.6          0.4324
  8.65          0.4228
   8.7          0.4135
  8.75          0.4044
   8.8          0.3956
  8.85           0.387
   8.9          0.3787
  8.95          0.3706
   9.0          0.3627
  9.05           0.355
   9.1          0.3475
  9.15          0.3402
   9.2          0.3331
  9.25          0.3262
   9.3          0.3195
  9.35          0.3129
   9.4          0.3065
  9.45          0.3003
   9.5          0.2942
  9.55          0.2883
   9.6          0.2825
  9.65          0.2769
   9.7          0.2714
  9.75          0.2661
   9.8          0.2608
  9.85          0.2558
   9.9          0.2508
  9.95           0.246
  10.0          0.2412
  11.0          0.1635
  12.0          0.1152
  13.0          0.0834
  14.0          0.0619
  15.0          0.0469
  16.0          0.0361
  17.0          0.0283
  18.0          0.0225
  19.0          0.0181
  20.0          0.0147
  25.0         0.00605
  30.0         0.00293
  35.0         0.00158
  40.0        0.000931
  50.0        0.000383
  60.0        0.000185
  80.0        5.88e-05
 100.0        2.42e-05
 120.0        1.17e-05
 150.0        4.81e-06
 200.0        1.53e-06
 250.0        6.28e-07
 300.0        2.95e-07
 400.0        1.01e-07
1000.0        3.38e-09
