# Neckel and Labs 1984
# Computed from Table III
# Phi / Sigma * Sigma * 6.8e-5 * 5e2
# lambda                 solar flux density
# micron                 W/cm2/um
3.298150000000000248e-01 1.077594027999999871e-01
3.317650000000000321e-01 9.911297159999998829e-02
3.337950000000000084e-01 9.560484479999999119e-02
3.358550000000000146e-01 9.157182599999999506e-02
3.378650000000000264e-01 8.958936419999999345e-02
3.398250000000000437e-01 1.008036997999999934e-01
3.418650000000000300e-01 9.593809920000001545e-02
3.437950000000000172e-01 8.843696480000001747e-02
3.458249999999999935e-01 9.453281460000000080e-02
3.478550000000000253e-01 9.520674219999999965e-02
3.498150000000000426e-01 9.848401920000002252e-02
3.518550000000000288e-01 9.724108800000000330e-02
3.538950000000000151e-01 1.150024330000000011e-01
3.559050000000000269e-01 1.073041631999999967e-01
3.579350000000000032e-01 7.704549939999999486e-02
3.599550000000000249e-01 1.088940677999999940e-01
3.620150000000000312e-01 1.072704419999999936e-01
3.640550000000000175e-01 1.022895984000000147e-01
3.661050000000000137e-01 1.290400912000000122e-01
3.677750000000000186e-01 1.184939711999999923e-01
3.698250000000000148e-01 1.226422669999999715e-01
3.718650000000000011e-01 1.172612400000000027e-01
3.736650000000000249e-01 9.765717659999997857e-02
3.754750000000000032e-01 1.029144401999999986e-01
3.775249999999999995e-01 1.349556288000000326e-01
3.794350000000000223e-01 1.169005816000000114e-01
3.813949999999999840e-01 1.142433864000000077e-01
3.833550000000000568e-01 7.386183120000000546e-02
3.853750000000000231e-01 1.054876044000000040e-01
3.873750000000000249e-01 1.019904528000000060e-01
3.894150000000000111e-01 1.173319532000000193e-01
3.911950000000000149e-01 1.294904619999999729e-01
3.932450000000000112e-01 7.517884499999999415e-02
3.950250000000000150e-01 1.281381119999999985e-01
3.969250000000000278e-01 8.741643780000001029e-02
3.989250000000000296e-01 1.614427270000000081e-01
4.001050000000000439e-01 1.715846651999999861e-01
4.020000000000000240e-01 1.798729267999999992e-01
4.040000000000000258e-01 1.638352560000000124e-01
4.060000000000000275e-01 1.663414979999999765e-01
4.078800000000000203e-01 1.698058464000000156e-01
4.098800000000000221e-01 1.621121903999999669e-01
4.117100000000000759e-01 1.812242431999999959e-01
4.137100000000000777e-01 1.740065837999999754e-01
4.156500000000000195e-01 1.791388497999999996e-01
4.175899999999999612e-01 1.701381760000000298e-01
4.191199999999999926e-01 1.662618869999999971e-01
4.211199999999999943e-01 1.823431763999999733e-01
4.231000000000000316e-01 1.656954266000000009e-01
4.247500000000000164e-01 1.747861800000000410e-01
4.267900000000000027e-01 1.627312760000000080e-01
4.286399999999999655e-01 1.649855303999999967e-01
4.306399999999999673e-01 1.250612819999999958e-01
4.326399999999999690e-01 1.804511239999999905e-01
4.339700000000000224e-01 1.690211196000000193e-01
4.359200000000000297e-01 1.835161220000000037e-01
4.371899999999999675e-01 1.844642528000000059e-01
4.391899999999999693e-01 1.673444231999999809e-01
4.409000000000000141e-01 1.795532180000000144e-01
4.428000000000000269e-01 1.956700408000000280e-01
4.447200000000000042e-01 1.962796709999999889e-01
4.464000000000000190e-01 1.855779772000000216e-01
4.483199999999999963e-01 2.035757513999999768e-01
4.503199999999999981e-01 2.134602449999999929e-01
4.523600000000000398e-01 2.004419339999999883e-01
4.543600000000000416e-01 2.023705500000000101e-01
4.563600000000000434e-01 2.065703999999999874e-01
4.583699999999999997e-01 2.028279383999999907e-01
4.603700000000000014e-01 2.029289728000000237e-01
4.623600000000000487e-01 2.100955608000000252e-01
4.643600000000000505e-01 1.992082711999999811e-01
4.663600000000000523e-01 1.959308207999999885e-01
4.683500000000000441e-01 2.010334319999999841e-01
4.703500000000000458e-01 1.945889189999999991e-01
4.723300000000000276e-01 2.022138270000000126e-01
4.743300000000000294e-01 2.038414681999999867e-01
4.763300000000000312e-01 1.982398220000000377e-01
4.783300000000000329e-01 2.063496652000000042e-01
4.803300000000000347e-01 2.066838409999999793e-01
4.823300000000000365e-01 2.053734606000000018e-01
4.843100000000000738e-01 2.011469647999999943e-01
4.863100000000000755e-01 1.687129776000000081e-01
4.883100000000000773e-01 1.873577207999999883e-01
4.892900000000000027e-01 1.948604328000000108e-01
4.912900000000000045e-01 1.900441389999999731e-01
4.932900000000000063e-01 1.941127455999999973e-01
4.951500000000000346e-01 2.002997119999999631e-01
4.970700000000000118e-01 2.002578477999999718e-01
4.988900000000000001e-01 1.932906119999999728e-01
5.008899999999999464e-01 1.831615631999999882e-01
5.028899999999999482e-01 1.927758791999999721e-01
5.048899999999999499e-01 1.923923490000000180e-01
5.068300000000000027e-01 1.977245519999999979e-01
5.088300000000000045e-01 1.940522868000000012e-01
5.108300000000000063e-01 1.938517616000000054e-01
5.128300000000000081e-01 1.900292571999999958e-01
5.148300000000000098e-01 1.858374515999999810e-01
5.168300000000000116e-01 1.687778427999999942e-01
5.188300000000000134e-01 1.743242423999999680e-01
5.199500000000000233e-01 1.828211007999999971e-01
5.219300000000000050e-01 1.890527976000000165e-01
5.238800000000000123e-01 1.921851359999999787e-01
5.258000000000000451e-01 1.842740704000000174e-01
5.278000000000000469e-01 1.830114089999999860e-01
5.298000000000000487e-01 1.959343329999999883e-01
5.316500000000000670e-01 1.948483900000000102e-01
5.335199999999999942e-01 1.859046253999999954e-01
5.353900000000000325e-01 1.950927140000000004e-01
5.372000000000000108e-01 1.860826697999999890e-01
5.391500000000000181e-01 1.850561179999999917e-01
5.410000000000000364e-01 1.819091358000000380e-01
5.430000000000000382e-01 1.875442652000000321e-01
5.450000000000000400e-01 1.910843928000000302e-01
5.470000000000000417e-01 1.866590207999999917e-01
5.490000000000000435e-01 1.883098635999999881e-01
5.508000000000000673e-01 1.873558303999999786e-01
5.527300000000000546e-01 1.868549900000000263e-01
5.547000000000000819e-01 1.895534680000000027e-01
5.566900000000000182e-01 1.826451202000000107e-01
5.586900000000000199e-01 1.815374308000000103e-01
5.606900000000000217e-01 1.824424564000000082e-01
5.626900000000000235e-01 1.868064651999999937e-01
5.645999999999999908e-01 1.843632728000000054e-01
5.665999999999999925e-01 1.843721399999999899e-01
5.685999999999999943e-01 1.852760504000000030e-01
5.705999999999999961e-01 1.799196529999999850e-01
5.725999999999999979e-01 1.893946607999999754e-01
5.745999999999999996e-01 1.856880012000000080e-01
5.766000000000000014e-01 1.856700287999999976e-01
5.784500000000000197e-01 1.821869191999999915e-01
5.804500000000000215e-01 1.852172712000000054e-01
5.824500000000000233e-01 1.865762443999999798e-01
5.844500000000000250e-01 1.861253636000000378e-01
5.864500000000000268e-01 1.810400618000000128e-01
5.884000000000000341e-01 1.764915350000000049e-01
5.903700000000000614e-01 1.760815119999999956e-01
5.923500000000000432e-01 1.797359849999999870e-01
5.943500000000000449e-01 1.793939280000000358e-01
5.963500000000000467e-01 1.818383784000000003e-01
5.983000000000000540e-01 1.763425639999999517e-01
6.003000000000000558e-01 1.751685065999999957e-01
6.023000000000000576e-01 1.728507979999999999e-01
6.043000000000000593e-01 1.772303039999999774e-01
6.063000000000000611e-01 1.750994390000000234e-01
6.079999999999999849e-01 1.742287295999999930e-01
6.099999999999999867e-01 1.725771999999999862e-01
6.119999999999999885e-01 1.743987499999999913e-01
6.139999999999999902e-01 1.708932887999999872e-01
6.159999999999999920e-01 1.676985263999999920e-01
6.179999999999999938e-01 1.732858110000000118e-01
6.199999999999999956e-01 1.730575927999999930e-01
6.219700000000000228e-01 1.703931012000000356e-01
6.239000000000000101e-01 1.665574659999999874e-01
6.259000000000000119e-01 1.670821199999999729e-01
6.279000000000000137e-01 1.700857819999999909e-01
6.299000000000000155e-01 1.655982137999999770e-01
6.319000000000000172e-01 1.653905553999999722e-01
6.339000000000000190e-01 1.653873560000000131e-01
6.359000000000000208e-01 1.661050688000000053e-01
6.379000000000000226e-01 1.662609791999999920e-01
6.399000000000000243e-01 1.629753483999999975e-01
6.419000000000000261e-01 1.616441599999999812e-01
6.439000000000000279e-01 1.629301725999999784e-01
6.459000000000000297e-01 1.612050330000000253e-01
6.479000000000000314e-01 1.609884598000000111e-01
6.499000000000000332e-01 1.563947911999999940e-01
6.519000000000000350e-01 1.599599053999999909e-01
6.539000000000000368e-01 1.597836799999999835e-01
6.559000000000000385e-01 1.370754335999999907e-01
6.621000000000000218e-01 1.580944375999999985e-01
6.663000000000000034e-01 1.556958599999999915e-01
6.790000000000000480e-01 1.475848879999999974e-01
7.090000000000000746e-01 1.392835839999999881e-01
7.465000000000000524e-01 1.291533316000000042e-01
7.551999999999999824e-01 1.255690890000000226e-01
7.815000000000000835e-01 1.191313420000000151e-01
7.875000000000000888e-01 1.171011816000000066e-01
7.980000000000000426e-01 1.151753570000000060e-01
8.465000000000000302e-01 1.027607839999999939e-01
8.570000000000000950e-01 1.007916400000000018e-01
8.633000000000000673e-01 1.010737312000000027e-01
8.880000000000000115e-01 9.525440000000000296e-02
9.042000000000000037e-01 8.918563800000001152e-02
9.815000000000000391e-01 7.660812000000000177e-02
9.904000000000000581e-01 7.656129180000000034e-02
1.001000000000000112e+00 7.473511440000001060e-02
1.010000000000000009e+00 7.365835480000001989e-02
1.017900000000000027e+00 7.220154319999999570e-02
1.027000000000000135e+00 7.105224799999999841e-02
1.044000000000000039e+00 6.845297179999999815e-02
1.051000000000000156e+00 6.641432840000000004e-02
1.064000000000000057e+00 6.443207399999999196e-02
1.076799999999999979e+00 6.314172299999999682e-02
1.186000000000000165e+00 5.099195559999999267e-02
1.233000000000000096e+00 4.845544000000000934e-02
1.247000000000000108e+00 4.658009180000000082e-02
