#MaunaKea 2.5mm N  13800ft		
#T=exp(-b*sqrt(AM)-c*AM) @1AM
#Wavelength	b(sqrt crv gr)	c (lin crv gr)
7.4	0.39918976	0.48834034
7.402	0.68917612	0.3992081
7.404	0.091538	0.46938689
7.406	0.14790848	0.71936625
7.408	0.40119047	0.97658432
7.41	3.07018311	0.79310924
7.412	2.31380474	0.92279462
7.414	0.58709273	0.74194531
7.416	0.03037856	0.53850111
7.418	0.94324816	0.29775046
7.42	0.29870631	0.38795574
7.422	0.21417744	0.53400134
7.424	0.78793276	0.64289311
7.426	0.83605418	0.65146576
7.428	0.50442507	0.38294924
7.43	0.02865123	0.36249149
7.432	0.04114111	0.3289526
7.434	0.03099845	0.26142495
7.436	0.06612939	0.36735732
7.438	0.03944079	0.33578233
7.44	0.22083643	0.37424874
7.442	0.10427746	0.3618436
7.444	0.03113672	0.42148657
7.446	1.05368558	0.32056937
7.448	1.3252301	0.52090906
7.45	0.12916189	0.85544648
7.452	1.74372649	0.52497516
7.454	1.10089497	1.38727435
7.456	0.53209028	1.77375393
7.458	2.16399126	2.53358784
7.46	56.7190604	-42.430084
7.462	48.8643595	-36.550912
7.464	38.6238488	-28.870822
7.466	52.068511	-38.86346
7.468	36.1396963	-27.024706
7.47	38.653757	-28.913459
7.472	3.39259014	1.98006983
7.474	1.1486082	2.61680072
7.476	1.45086368	1.262491
7.478	0.53225968	1.46482668
7.48	4.46167061	0.36753129
7.482	3.40080239	0.87393124
7.484	0.48743601	1.04902562
7.486	0.07083916	0.73591069
7.488	0.36468639	0.59666925
7.49	0.02965848	0.33551285
7.492	-0.0004319	0.27067
7.494	0.07938256	0.36220887
7.496	0.04051153	0.31881286
7.498	0.11897731	0.42845858
7.5	0.10847809	0.42329151
7.502	0.40634283	0.36086864
7.504	3.11299236	-0.0064249
7.506	1.00746708	0.9034009
7.508	0.60438652	0.24324417
7.51	0.0062609	0.2088811
7.512	-0.0014494	0.1542724
7.514	-0.0015632	0.14903295
7.516	0.00942671	0.21777174
7.518	0.66332772	0.28244802
7.52	1.15416827	0.25368751
7.522	0.05295647	0.43409407
7.524	0.05508069	0.27453002
7.526	0.00050781	0.16488912
7.528	0.0295577	0.27729091
7.53	0.10725527	0.61076842
7.532	0.35189228	0.63438724
7.534	2.91985045	0.06546963
7.536	1.13732351	0.1609177
7.538	0.02677103	0.28079424
7.54	0.06112879	0.32060749
7.542	0.06083674	0.29517906
7.544	0.00625741	0.1784896
7.546	-0.0006243	0.13140537
7.548	0.0440107	0.25634086
7.55	0.02005656	0.22718684
7.552	0.04958816	0.36834943
7.554	0.03178832	0.30535727
7.556	0.95205176	0.32956182
7.558	0.45626752	0.30435558
7.56	0.01018039	0.31330939
7.562	0.26724473	0.36400362
7.564	1.18083294	0.42041341
7.566	0.0822209	0.44501664
7.568	0.02798804	0.45157111
7.57	0.7629168	0.56944446
7.572	0.42323052	1.05793884
7.574	1.55186607	0.9248098
7.576	2.85995648	1.64052659
7.578	0.32571617	2.42273533
7.58	1.93917118	2.23130105
7.582	5.59268937	3.45561424
7.584	1.71183054	1.48026408
7.586	0.23690189	1.25325395
7.588	0.08877876	0.96850676
7.59	0.34619364	1.21376762
7.592	2.0970681	0.99315984
7.594	3.08605326	0.78842231
7.596	0.39495936	1.03749234
7.598	0.09145009	0.86541201
7.6	0.03062301	0.52612047
7.602	0.04386601	0.50781313
7.604	0.25040433	0.59432036
7.606	1.75170334	0.56695803
7.608	0.24823663	0.72852808
7.61	0.20865879	0.90703697
7.612	2.21012493	0.58688247
7.614	2.24288099	1.19716554
7.616	0.23239522	1.59510957
7.618	2.27902674	0.92479828
7.62	2.13316648	0.57817754
7.622	0.31330019	0.8172674
7.624	0.31780957	0.46016907
7.626	0.8255318	0.28054208
7.628	0.02158114	0.26925748
7.63	0.23601493	0.32657016
7.632	0.05561556	0.25197865
7.634	0.19632674	0.3221353
7.636	0.07942088	0.30940621
7.638	0.20562986	0.27674027
7.64	0.10983028	0.36398185
7.642	0.60929189	0.45267633
7.644	3.09548236	0.46131787
7.646	0.64394161	0.81071636
7.648	0.28373892	0.40097559
7.65	0.11709627	0.32892386
7.652	0.33638243	0.7009648
7.654	0.9114264	0.55720176
7.656	4.03156453	1.00082669
7.658	-1.2416951	9.24616132
7.66	3.78975719	0.16721777
7.662	1.47785602	1.03726237
7.664	1.57825746	2.16601442
7.666	1.45154804	1.37890385
7.668	0.95191715	0.97603766
7.67	1.65459931	1.03236991
7.672	1.46007741	1.51842727
7.674	1.04305575	0.72990795
7.676	1.27563325	0.48066836
7.678	0.57271501	0.53342342
7.68	0.93582083	0.45573052
7.682	1.19026917	0.95258967
7.684	1.47309247	0.27649258
7.686	0.41755936	0.38765734
7.688	0.32853608	0.26359501
7.69	0.58927529	0.39876023
7.692	0.82865547	0.71970152
7.694	0.71110593	0.63949002
7.696	0.79431243	0.29448268
7.698	0.04006546	0.25921149
7.7	0.49986789	0.26341416
7.702	0.25322978	0.39700613
7.704	0.38810147	0.49577173
7.706	1.54781929	0.62553507
7.708	0.49540702	0.65053016
7.71	0.78420817	0.81279529
7.712	1.39207826	0.9752208
7.714	1.08970044	0.72770227
7.716	0.21962704	0.30916765
7.718	0.33948093	0.42171292
7.72	0.92062581	0.53425983
7.722	0.22583668	0.40037331
7.724	0.84170269	0.49712775
7.726	0.54067262	0.3684572
7.728	0.52829699	0.34579011
7.73	0.23092239	0.31022123
7.732	0.20570684	0.37388733
7.734	0.48210905	0.33716004
7.736	0.55153747	0.31504326
7.738	0.65353122	0.28477086
7.74	0.08379316	0.20017859
7.742	0.30721699	0.16437321
7.744	0.34352829	0.18814859
7.746	0.0704086	0.21795656
7.748	1.59612642	-0.0478605
7.75	0.40572475	0.23609508
7.752	0.35908929	0.27592289
7.754	0.41705142	0.26015832
7.756	0.11131192	0.26261106
7.758	1.7573753	-0.0022661
7.76	0.63677297	0.6080489
7.762	2.40074253	0.49411896
7.764	0.75735966	1.40220255
7.766	0.87687312	1.71489257
7.768	2.16670233	0.20110571
7.77	0.17045878	0.43612745
7.772	0.22518872	0.36434498
7.774	0.14810129	0.25638586
7.776	0.21705731	0.34418414
7.778	0.0451319	0.2739473
7.78	0.00199229	0.1382058
7.782	0.00252439	0.16149888
7.784	0.030133	0.26989625
7.786	0.80953321	0.29085836
7.788	0.19762917	0.44468912
7.79	0.26619777	0.41345101
7.792	0.75684672	0.65486991
7.794	0.70428728	0.55362616
7.796	0.53858518	0.42706572
7.798	0.40359777	0.35110782
7.8	0.024889	0.27470308
7.802	0.68882949	0.14966805
7.804	0.50930751	0.30438604
7.806	0.05845081	0.32623131
7.808	0.39645286	0.31628165
7.81	0.13679964	0.38271924
7.812	1.11238128	0.39196417
7.814	0.6839896	0.27891176
7.816	0.02199539	0.2390417
7.818	0.33959632	0.16097104
7.82	0.2397894	0.17615558
7.822	0.02546361	0.19397588
7.824	0.56504853	0.16047157
7.826	0.10507658	0.28164491
7.828	0.8960922	0.36180925
7.83	0.54650029	0.41364712
7.832	0.70244058	0.26231301
7.834	0.41725378	0.30215163
7.836	0.25288177	0.17890099
7.838	0.03297554	0.28921128
7.84	1.11929155	0.10093414
7.842	0.69262249	0.36018638
7.844	0.50481031	0.31554067
7.846	0.53380748	0.19051702
7.848	0.00950676	0.22989421
7.85	0.37791143	0.25055255
7.852	0.31516918	0.47102872
7.854	0.01050848	0.38933035
7.856	0.60870738	0.34634068
7.858	0.20112238	0.60348431
7.86	0.46704844	0.88965105
7.862	2.8815756	0.48268128
7.864	3.15359515	1.49913322
7.866	0.92472408	0.97701222
7.868	0.74933558	0.92658809
7.87	0.50434177	0.54244408
7.872	0.59632978	0.55885075
7.874	2.95902456	0.5915968
7.876	0.50972454	0.69177673
7.878	0.4664557	0.6317501
7.88	0.65529477	0.60403037
7.882	0.40211557	0.67926228
7.884	2.06488212	0.64919431
7.886	0.49174259	0.94821186
7.888	0.71669768	0.80906846
7.89	0.59173633	0.29011305
7.892	0.0082447	0.22338882
7.894	0.53104935	0.20439976
7.896	0.61308218	0.25070056
7.898	0.5496992	0.34667205
7.9	0.59617494	0.50126395
7.902	0.94881726	0.75417522
7.904	0.52510019	0.24166947
7.906	0.32422601	0.28337853
7.908	0.19147202	0.14678541
7.91	0.10111148	0.19165315
7.912	0.49776222	0.45637768
7.914	0.25994525	0.22884876
7.916	0.59423555	0.22426319
7.918	0.4005956	0.26018112
7.92	0.05528407	0.1713413
7.922	0.46719	0.19325097
7.924	0.52423915	0.37176723
7.926	0.38094069	0.26638901
7.928	0.07715782	0.29255168
7.93	0.60684033	0.49027073
7.932	0.8902675	1.07757827
7.934	3.65379755	0.6437884
7.936	1.54822169	1.23986161
7.938	0.70657791	0.95153578
7.94	0.48579827	0.38468108
7.942	0.25168549	0.31721749
7.944	0.13271615	0.29689572
7.946	0.2557275	0.35565426
7.948	0.21797774	0.19648229
7.95	-9.74E-05	0.09625906
7.952	0.08180831	0.11834889
7.954	0.19027781	0.18872095
7.956	0.01963528	0.12989044
7.958	0.44680196	0.1915008
7.96	0.16412694	0.17534803
7.962	0.00047957	0.08612622
7.964	0.05276377	0.09451871
7.966	0.12613729	0.1756925
7.968	0.39806985	0.1408764
7.97	0.06634984	0.25218132
7.972	0.10476239	0.19651486
7.974	0.12872332	0.13687698
7.976	0.74773006	0.38686978
7.978	0.43646409	0.44871097
7.98	0.15278872	0.0860445
7.982	0.01973794	0.09270777
7.984	0.10579105	0.31257401
7.986	0.0870651	0.16044869
7.988	0.00873478	0.07592586
7.99	0.07370908	0.22072158
7.992	0.06071186	0.17118969
7.994	0.00169283	0.06286932
7.996	0.04876022	0.13033968
7.998	0.00576845	0.06112115
8	0.18688671	0.12395396
8.002	0.30565402	0.14601922
8.004	0.06627892	0.09932773
8.006	0.00273464	0.09143246
8.008	0.02238849	0.11473767
8.01	0.01386293	0.13776008
8.012	0.08769688	0.0888691
8.014	1.00910873	0.07802683
8.016	0.15740432	0.06935211
8.018	-0.0014621	0.04655151
8.02	0.01077875	0.10072962
8.022	0.17777615	0.16371334
8.024	0.11753257	0.08410498
8.026	0.1357151	0.08573649
8.028	0.18700975	0.11676954
8.03	0.28617467	0.11805862
8.032	0.16078276	0.17333431
8.034	0.0206473	0.29965952
8.036	0.50919363	0.3224295
8.038	1.91717796	0.28856609
8.04	0.20222438	0.34127129
8.042	0.09932022	0.21719286
8.044	0.07068487	0.17690698
8.046	0.10466636	0.21578955
8.048	0.12555842	0.13171721
8.05	0.00522615	0.07275458
8.052	0.15412688	0.17219982
8.054	0.02408309	0.06202903
8.056	0.00460169	0.06013278
8.058	0.27171819	0.10529064
8.06	0.01312812	0.10454225
8.062	-0.001073	0.05117491
8.064	0.00978919	0.107341
8.066	0.00384727	0.08168918
8.068	0.02845845	0.07663835
8.07	0.09406247	0.16645573
8.072	0.0904242	0.11037082
8.074	0.07727614	0.07518661
8.076	0.03611734	0.04310944
8.078	0.08147523	0.07154864
8.08	9.55E-06	0.05292808
8.082	0.1988374	0.17114147
8.084	0.20761838	0.18994753
8.086	0.00897407	0.07493711
8.088	0.06122182	0.16484299
8.09	0.13546257	0.16829873
8.092	0.07862095	0.08192955
8.094	-0.0011876	0.02425995
8.096	-0.0012328	0.02187655
8.098	-0.0011768	0.02407034
8.1	-0.0012127	0.01899216
8.102	-0.0012297	0.0223817
8.104	-0.0012541	0.02070402
8.106	0.0258145	0.04825812
8.108	0.0460789	0.07638058
8.11	-0.001121	0.02583574
8.112	-0.0007595	0.03629712
8.114	-0.0012203	0.02121886
8.116	-0.0011582	0.02122873
8.118	-0.0012359	0.01858138
8.12	-0.0011819	0.01917933
8.122	-0.0011197	0.01771724
8.124	-0.001152	0.01697357
8.126	-0.0008124	0.02982118
8.128	0.06748661	0.11875995
8.13	0.03226021	0.15230029
8.132	0.00673758	0.05207703
8.134	0.05153133	0.17509292
8.136	0.02449409	0.06290625
8.138	0.08523459	0.0980616
8.14	0.00345222	0.03328907
8.142	-0.0009334	0.02723563
8.144	-0.0011479	0.02076615
8.146	-0.0011452	0.02200067
8.148	-0.0009872	0.02650166
8.15	-7.13E-05	0.0632488
8.152	-0.0006561	0.04855493
8.154	4.48E-05	0.04754652
8.156	0.02346817	0.13425837
8.158	0.05862529	0.13579494
8.16	0.17283443	0.43367336
8.162	1.21405692	0.1866265
8.164	0.85146613	0.15760441
8.166	0.01570637	0.15632673
8.168	-0.0002075	0.06844478
8.17	0.01039432	0.09073171
8.172	-0.0002989	0.04028632
8.174	0.00368187	0.05920206
8.176	0.00481663	0.05777254
8.178	0.01829208	0.07442602
8.18	0.01922317	0.08162804
8.182	-0.0003584	0.03409866
8.184	0.06129694	0.12909633
8.186	0.0073465	0.04887364
8.188	0.00950599	0.04737498
8.19	0.04220703	0.16805949
8.192	0.01208172	0.06753084
8.194	0.00737859	0.06704832
8.196	0.01640743	0.07645315
8.198	0.02730771	0.06011472
8.2	0.03112997	0.0718456
8.202	-0.0003014	0.054656
8.204	0.0143314	0.11749362
8.206	0.80457054	0.13606794
8.208	0.39163239	0.12882851
8.21	0.00184712	0.09157116
8.212	0.00304543	0.06370798
8.214	0.00186077	0.04226082
8.216	-0.00067	0.02152418
8.218	-1.30E-05	0.02480637
8.22	0.00108066	0.03870402
8.222	0.01395307	0.0863556
8.224	0.00290245	0.03691509
8.226	3.84E-05	0.04458829
8.228	7.45E-05	0.04418348
8.23	0.00604144	0.07232584
8.232	0.00407696	0.0519059
8.234	-0.0009425	0.02252388
8.236	-0.000928	0.02229106
8.238	-0.0008536	0.02590391
8.24	-0.0008454	0.03268249
8.242	-0.0005206	0.04546254
8.244	0.00070213	0.09522327
8.246	0.01803411	0.17584717
8.248	0.81742714	0.20904887
8.25	1.0603983	0.3227641
8.252	0.05302982	0.25516393
8.254	0.08018482	0.1827516
8.256	0.65672778	0.22184825
8.258	0.04018422	0.1373831
8.26	0.0052453	0.08946317
8.262	-0.0005502	0.03459198
8.264	0.0005159	0.05267308
8.266	-8.27E-05	0.03907409
8.268	-0.0006618	0.0234023
8.27	-0.0007064	0.02657982
8.272	0.00022783	0.03626214
8.274	0.0002091	0.03506528
8.276	-0.0007401	0.01745613
8.278	-5.77E-05	0.01976191
8.28	0.000443	0.02484407
8.282	-0.0005	0.01837193
8.284	-0.0005387	0.01771345
8.286	-0.0006427	0.01419197
8.288	0.00014592	0.02852909
8.29	0.00277641	0.05935676
8.292	0.01177695	0.08668124
8.294	-0.000542	0.02101697
8.296	-0.0007478	0.01602582
8.298	-0.0006974	0.01890771
8.3	-0.0006924	0.01691681
8.302	-0.0006949	0.01348165
8.304	-0.0005592	0.01473902
8.306	-0.0004735	0.02043546
8.308	-0.0005382	0.02512327
8.31	-0.0004481	0.02485147
8.312	-0.0005679	0.01927412
8.314	-0.0004475	0.02177274
8.316	0.00026112	0.02638772
8.318	-0.0003368	0.02006967
8.32	-0.0006241	0.01844329
8.322	0.00025565	0.02747985
8.324	-1.43E-05	0.02270639
8.326	0.00084285	0.03168268
8.328	-0.0007507	0.01664263
8.33	-0.0006771	0.0157284
8.332	-0.0004633	0.02329819
8.334	-0.0007319	0.01986379
8.336	-0.0006036	0.02708273
8.338	-0.0002996	0.03515189
8.34	-0.000459	0.04107536
8.342	0.00185148	0.07174961
8.344	0.12085342	0.20474559
8.346	1.05638877	0.23992569
8.348	0.12755772	0.17606108
8.35	0.00064934	0.0804904
8.352	-0.0004807	0.03909398
8.354	-0.0008056	0.02547603
8.356	-1.28E-05	0.03363615
8.358	-0.000578	0.02760446
8.36	-0.0005495	0.03508071
8.362	-1.72E-05	0.03202683
8.364	-0.0003446	0.02178981
8.366	-0.0006068	0.01935719
8.368	0.00071323	0.03160491
8.37	0.00012181	0.02297584
8.372	-0.000663	0.01309666
8.374	0.00049141	0.02760566
8.376	0.00032043	0.02491257
8.378	0.00627392	0.04909634
8.38	0.00339937	0.042313
8.382	0.0007916	0.03424348
8.384	-4.49E-05	0.03429729
8.386	0.00038445	0.02643702
8.388	0.00102577	0.04054668
8.39	-0.0004968	0.0234709
8.392	0.00150259	0.03675958
8.394	0.00190862	0.0824889
8.396	0.00078214	0.05984476
8.398	0.00020323	0.03359055
8.4	0.00231566	0.06170606
8.402	-0.0002445	0.02808483
8.404	-0.0004716	0.0214435
8.406	0.00306856	0.05358476
8.408	-0.0005088	0.02008457
8.41	-0.0006201	0.02490495
8.412	0.00479441	0.06029806
8.414	-0.000167	0.02928809
8.416	-0.0005047	0.03337566
8.418	0.00391911	0.07926133
8.42	0.00107255	0.08877502
8.422	0.07737132	0.20673693
8.424	1.3598167	0.17215086
8.426	0.42494497	0.24422048
8.428	0.00773674	0.13002784
8.43	0.0038916	0.08728675
8.432	0.00334337	0.06145375
8.434	-0.0004634	0.04264052
8.436	0.00335003	0.05877274
8.438	0.00380132	0.04954785
8.44	-0.0006077	0.02302561
8.442	0.00354968	0.04276743
8.444	0.00434889	0.06189445
8.446	-0.0002404	0.03031051
8.448	0.00270646	0.0376232
8.45	0.0057669	0.05317614
8.452	-0.0002964	0.02075654
8.454	0.00179331	0.03162639
8.456	0.0065171	0.0613651
8.458	-0.0002869	0.02061465
8.46	0.00097526	0.02878406
8.462	0.00835407	0.06732747
8.464	-0.000426	0.02439291
8.466	0.00021485	0.03032273
8.468	0.01435609	0.12647916
8.47	0.00444292	0.05416627
8.472	-0.0003011	0.02631359
8.474	0.0083233	0.0688636
8.476	0.00136912	0.02885026
8.478	-0.0002582	0.02224206
8.48	0.00633905	0.0646723
8.482	0.00190712	0.03644114
8.484	0.00181281	0.05260255
8.486	0.00558554	0.06213068
8.488	0.00294335	0.04204138
8.49	0.00030169	0.03073287
8.492	0.00491677	0.05527719
8.494	0.00351679	0.0494972
8.496	-1.00E-04	0.02768521
8.498	0.00448463	0.05875902
8.5	0.00408482	0.06934668
8.502	3.02E-05	0.03180841
8.504	0.00325095	0.05306248
8.506	0.00422017	0.07633981
8.508	-3.62E-05	0.05956926
8.51	0.00906628	0.12560145
8.512	0.21114435	0.31283617
8.514	1.69235574	0.24435555
8.516	0.26778608	0.28808952
8.518	0.01029268	0.21267954
8.52	0.06528468	0.25731668
8.522	0.00530972	0.09300121
8.524	0.00299785	0.08413928
8.526	-0.0002963	0.03153428
8.528	0.00087715	0.03128161
8.53	0.00284855	0.06206493
8.532	-0.0002036	0.02581942
8.534	-2.58E-05	0.02254863
8.536	0.00304787	0.06166572
8.538	-0.0002863	0.02415745
8.54	0.00059498	0.0219644
8.542	0.0015214	0.04604372
8.544	-5.37E-05	0.02625805
8.546	0.00133462	0.02784086
8.548	0.00061194	0.03599315
8.55	-0.0002339	0.02577037
8.552	0.00216556	0.03131809
8.554	0.00060619	0.02590059
8.556	-0.0002276	0.02218422
8.558	0.00061054	0.02033333
8.56	-0.0001125	0.01709444
8.562	0.00018838	0.0215493
8.564	0.0012961	0.02060364
8.566	-0.0004218	0.0189446
8.568	5.98E-05	0.02957714
8.57	0.00198491	0.02815695
8.572	0.00088434	0.02894949
8.574	0.00115432	0.04382393
8.576	0.03559994	0.13632005
8.578	0.02218008	0.13019322
8.58	0.11792589	0.19370148
8.582	0.12415646	0.30127405
8.584	0.09063957	0.19262087
8.586	0.00192393	0.06037922
8.588	0.00244254	0.03306113
8.59	0.00309616	0.04001849
8.592	0.00366506	0.0521658
8.594	0.00330575	0.03546511
8.596	0.00139097	0.02868991
8.598	0.00250273	0.04631823
8.6	0.00193711	0.02940925
8.602	0.00180865	0.03421287
8.604	0.00340292	0.05252354
8.606	0.00146868	0.02628347
8.608	0.00246643	0.03229686
8.61	0.00525776	0.05823457
8.612	0.00184611	0.022617
8.614	0.0008756	0.02592009
8.616	0.00728787	0.06611336
8.618	0.00318109	0.0268328
8.62	0.00095612	0.0265864
8.622	0.00694919	0.06900202
8.624	0.00166738	0.02446733
8.626	0.00075489	0.02411993
8.628	0.01103868	0.07325135
8.63	0.00237838	0.02817439
8.632	0.00039577	0.02015158
8.634	0.0116484	0.07463613
8.636	0.00237352	0.02503373
8.638	9.49E-05	0.01902254
8.64	0.01395221	0.06850081
8.642	0.00994898	0.03261426
8.644	0.00013205	0.01874143
8.646	0.00988643	0.06756902
8.648	0.00248618	0.03556022
8.65	-7.97E-05	0.02456891
8.652	0.00919304	0.07153406
8.654	0.00359303	0.03431273
8.656	-0.0005473	0.01831873
8.658	0.00810576	0.0653375
8.66	0.00510086	0.04344414
8.662	0.00133677	0.03075078
8.664	0.01218515	0.06149764
8.666	0.0055709	0.03595391
8.668	0.00046361	0.02178327
8.67	0.0112987	0.06239624
8.672	0.00557821	0.05196154
8.674	0.00021293	0.03346811
8.676	0.06557312	0.14948398
8.678	0.07284956	0.17688987
8.68	0.00141991	0.04326726
8.682	0.01597269	0.08462287
8.684	0.02984523	0.19590436
8.686	0.00482518	0.05138176
8.688	0.01082526	0.06150588
8.69	0.00585653	0.03545421
8.692	0.00246792	0.02705676
8.694	0.01356322	0.06482125
8.696	0.00525089	0.05933664
8.698	0.0628549	0.08683167
8.7	0.22734892	0.26784897
8.702	0.01321151	0.07377804
8.704	-0.0002089	0.02736965
8.706	0.00583394	0.06185247
8.708	0.00648648	0.04696017
8.71	0.00018474	0.01886589
8.712	0.00612595	0.04952233
8.714	0.00630537	0.0407948
8.716	0.00068756	0.01703008
8.718	0.00610304	0.05084946
8.72	0.00479759	0.04467765
8.722	0.00244635	0.02168884
8.724	0.00804541	0.03916141
8.726	0.00290125	0.03672691
8.728	0.00231903	0.01690715
8.73	0.00960835	0.03874369
8.732	0.00288885	0.03460969
8.734	0.00611113	0.02488224
8.736	0.00609471	0.03432272
8.738	0.00682213	0.03543326
8.74	0.00055156	0.01850568
8.742	0.00606227	0.03624737
8.744	0.00361255	0.04531121
8.746	0.00778077	0.03497876
8.748	0.004629	0.03373355
8.75	0.00143994	0.03005959
8.752	0.00034006	0.01941639
8.754	0.0015786	0.0229542
8.756	0.00810555	0.03776293
8.758	0.00375782	0.020457
8.76	0.00484196	0.0398943
8.762	0.00697904	0.03695273
8.764	0.00172167	0.0178263
8.766	0.00079711	0.01845186
8.768	0.0063862	0.04166275
8.77	0.00038731	0.02102138
8.772	0.00539534	0.03074215
8.774	0.00154051	0.02816948
8.776	0.00094507	0.02003605
8.778	0.00311417	0.01976251
8.78	0.01432093	0.03659182
8.782	0.00526404	0.02686691
8.784	0.0081722	0.03452646
8.786	0.00443163	0.03435449
8.788	0.00333948	0.03848871
8.79	0.04626434	0.11351789
8.792	0.1495231	0.32308378
8.794	0.01387362	0.10482828
8.796	0.0056609	0.05906859
8.798	0.00617636	0.05620385
8.8	0.00461619	0.05917925
8.802	0.01734462	0.13181172
8.804	0.72933758	0.16847287
8.806	0.44453563	0.31313636
8.808	0.02937739	0.14121586
8.81	0.00845756	0.05835681
8.812	-0.0006642	0.02441429
8.814	0.01845729	0.04290662
8.816	0.00666339	0.03704556
8.818	0.00756143	0.03074694
8.82	0.0140694	0.03523698
8.822	0.01312737	0.03652391
8.824	0.00027285	0.01723606
8.826	0.00181693	0.01756783
8.828	0.02183127	0.04537878
8.83	0.0083937	0.02282378
8.832	0.00103578	0.01254839
8.834	0.01414356	0.02789411
8.836	0.0139496	0.03552001
8.838	0.00420968	0.02252077
8.84	0.01278212	0.04924387
8.842	0.0088726	0.03197068
8.844	0.00730643	0.02973548
8.846	0.01704408	0.03357183
8.848	0.02253546	0.02820944
8.85	0.01298359	0.02778227
8.852	0.00025099	0.01353021
8.854	0.01948775	0.02838977
8.856	0.01098462	0.03282185
8.858	0.01859825	0.03116971
8.86	0.01397937	0.017633
8.862	0.00018079	0.01327051
8.864	0.00563135	0.0136033
8.866	0.0309031	0.03438297
8.868	0.02127948	0.02018209
8.87	0.00251872	0.02003199
8.872	0.03956138	0.02971683
8.874	0.01027685	0.01809278
8.876	0.00285919	0.01469436
8.878	0.00132174	0.01312776
8.88	0.03272052	0.03443817
8.882	0.02456493	0.02875928
8.884	0.02166264	0.01927889
8.886	0.01775497	0.01989697
8.888	0.00920535	0.03576748
8.89	0.00231903	0.04295757
8.892	0.00246737	0.03072176
8.894	0.03788429	0.0326735
8.896	0.0258465	0.028591
8.898	0.03015297	0.04132138
8.9	0.00823402	0.0230964
8.902	0.00983047	0.01784804
8.904	0.00046152	0.01462934
8.906	-9.27E-05	0.01412759
8.908	0.04420037	0.03123261
8.91	0.04112805	0.04007682
8.912	0.00042636	0.01904317
8.914	-0.0006293	0.01893919
8.916	0.02037034	0.05858171
8.918	0.22958665	0.17183811
8.92	0.15300245	0.1302452
8.922	0.05932046	0.15362945
8.924	0.01196821	0.03923656
8.926	0.00585389	0.02503744
8.928	0.0004234	0.01881725
8.93	-0.0003628	0.01502263
8.932	0.01700325	0.02167314
8.934	0.02815765	0.03786597
8.936	0.02197062	0.03465456
8.938	0.02580983	0.04752185
8.94	0.0006631	0.02105843
8.942	-0.0004112	0.01732109
8.944	0.02966805	0.03170548
8.946	0.00305443	0.0254791
8.948	0.00047362	0.02858935
8.95	0.00139264	0.01370582
8.952	0.04132362	0.03404454
8.954	0.01858898	0.02592461
8.956	0.01192939	0.0235091
8.958	0.00360968	0.02236095
8.96	0.00392581	0.02138784
8.962	-0.0001788	0.01267362
8.964	0.00576904	0.01643331
8.966	0.02696293	0.02901863
8.968	0.01961583	0.02589455
8.97	0.00368684	0.01687893
8.972	0.01341482	0.0225641
8.974	0.00220997	0.01760994
8.976	0.01532488	0.02521297
8.978	-0.0004644	0.01524344
8.98	0.00499592	0.03103179
8.982	0.01347844	0.02410659
8.984	0.00964392	0.01630535
8.986	0.00641125	0.02819127
8.988	8.49E-06	0.01698665
8.99	0.00911538	0.0248643
8.992	0.0024787	0.02103028
8.994	0.00236269	0.04434879
8.996	0.1734517	0.16873789
8.998	0.11190565	0.12215706
9	0.01677874	0.05332206
9.002	0.00677337	0.03719067
9.004	0.00314552	0.0300589
9.006	-0.0001561	0.02172195
9.008	0.00430964	0.02365315
9.01	0.00473949	0.02056022
9.012	-0.0008607	0.01071439
9.014	0.00784384	0.02079015
9.016	0.00619488	0.01502222
9.018	-0.000784	0.01162862
9.02	0.00789929	0.0316819
9.022	0.00454131	0.02319131
9.024	-0.0004434	0.0184395
9.026	0.00086624	0.02255263
9.028	0.00612887	0.03504011
9.03	0.00215236	0.02665883
9.032	0.00263056	0.03876152
9.034	0.08915561	0.08055488
9.036	0.24241191	0.1813856
9.038	0.00345038	0.05417791
9.04	0.00636714	0.03869447
9.042	-0.0001802	0.01587359
9.044	0.00115473	0.01979388
9.046	0.00628386	0.03068123
9.048	0.0029965	0.03051352
9.05	0.00096835	0.01780022
9.052	0.00136345	0.01598701
9.054	0.00201129	0.01856925
9.056	0.00553388	0.02440584
9.058	0.00779966	0.03631625
9.06	0.00061176	0.01818886
9.062	0.00175762	0.01776895
9.064	0.00942087	0.03315619
9.066	-3.29E-05	0.01257784
9.068	-0.000858	0.01418673
9.07	0.00021762	0.02145943
9.072	0.00704999	0.04040153
9.074	0.00691391	0.03901123
9.076	0.01231439	0.05189072
9.078	0.0564153	0.13458907
9.08	0.05118911	0.12595086
9.082	0.00337877	0.04067822
9.084	0.003787	0.02634893
9.086	0.0010419	0.01914695
9.088	0.00422111	0.02828797
9.09	0.00725408	0.03833141
9.092	0.01597767	0.06883278
9.094	0.03273648	0.15267937
9.096	0.00526159	0.0365621
9.098	0.00270158	0.0286414
9.1	0.00206294	0.0259627
9.102	0.00679508	0.02914991
9.104	0.00510388	0.02478221
9.106	0.00484798	0.0253537
9.108	0.00317712	0.02061533
9.11	0.00321532	0.02424791
9.112	0.00310731	0.02415761
9.114	0.00328473	0.01467432
9.116	0.00675899	0.01795779
9.118	0.00486946	0.02429737
9.12	0.00529849	0.02786773
9.122	0.00254754	0.01704025
9.124	0.00395825	0.02402863
9.126	0.00158355	0.01928993
9.128	0.00379739	0.02585611
9.13	0.00396135	0.01910462
9.132	0.00970473	0.03280597
9.134	0.00654674	0.04800247
9.136	0.00422124	0.03151565
9.138	0.00595131	0.03114814
9.14	0.00516792	0.03200417
9.142	0.00531144	0.03453666
9.144	0.00318253	0.02012924
9.146	0.00767598	0.02810267
9.148	0.00257355	0.02872949
9.15	0.00325705	0.02599017
9.152	0.0035824	0.03017264
9.154	0.0020819	0.021944
9.156	0.00847572	0.02826801
9.158	0.00308506	0.02400323
9.16	0.00373875	0.02923998
9.162	0.00482321	0.04381829
9.164	0.04450216	0.18165001
9.166	0.00979336	0.06896717
9.168	0.00290072	0.0284127
9.17	0.00611953	0.02471257
9.172	0.00117499	0.02351765
9.174	0.0073461	0.04299607
9.176	0.00578246	0.02989512
9.178	0.00675351	0.03076182
9.18	0.00536439	0.02923539
9.182	0.00383073	0.03199258
9.184	0.00389575	0.03490672
9.186	0.00157171	0.02972882
9.188	0.00640168	0.03573236
9.19	0.00531179	0.03027816
9.192	0.00917724	0.05543664
9.194	0.00929594	0.0400627
9.196	0.00760076	0.04781914
9.198	0.00819359	0.04228963
9.2	0.00241756	0.0403167
9.202	0.00773733	0.03584839
9.204	0.00298736	0.02333439
9.206	0.00374321	0.02684896
9.208	0.00549672	0.04022574
9.21	0.00304593	0.05324378
9.212	0.00486222	0.05416453
9.214	0.00097077	0.02999741
9.216	0.00274241	0.03064863
9.218	0.00210857	0.02685246
9.22	0.00470798	0.06032094
9.222	0.00374313	0.03370772
9.224	0.00085971	0.02512316
9.226	0.00265052	0.03109773
9.228	0.00263706	0.03034512
9.23	0.00552197	0.05498335
9.232	0.00573603	0.03076041
9.234	0.00564505	0.02439671
9.236	0.00345134	0.02852351
9.238	0.0022847	0.03129906
9.24	0.00728876	0.06758407
9.242	0.0014468	0.02641929
9.244	0.00643642	0.0371639
9.246	0.00472345	0.03347308
9.248	0.02277079	0.09453408
9.25	0.02366576	0.1222977
9.252	0.00219532	0.03015278
9.254	0.00155142	0.03047369
9.256	0.00422718	0.03323993
9.258	0.00339699	0.02997865
9.26	0.01173399	0.07903065
9.262	0.00602907	0.04534418
9.264	0.00181687	0.02252142
9.266	0.00112888	0.01765597
9.268	0.00385434	0.02947895
9.27	0.00909737	0.04982488
9.272	0.01572571	0.06533859
9.274	0.00858711	0.02599452
9.276	0.00092936	0.02071469
9.278	0.002823	0.03410683
9.28	0.00345057	0.02932787
9.282	0.01627781	0.08918123
9.284	0.00654587	0.03996504
9.286	0.00214798	0.02883707
9.288	0.00421705	0.03354905
9.29	0.00044291	0.01829125
9.292	0.00395321	0.05291949
9.294	0.01712967	0.10938323
9.296	0.00260027	0.02974342
9.298	0.00078454	0.02354637
9.3	0.00349963	0.02896641
9.302	0.02905249	0.10387287
9.304	0.0189627	0.10740491
9.306	0.02735888	0.15782752
9.308	0.04809591	0.14843719
9.31	0.00511338	0.03922335
9.312	0.00122052	0.02674336
9.314	0.0004999	0.02463554
9.316	0.01154128	0.06002948
9.318	0.01709076	0.0809229
9.32	0.00135868	0.02813634
9.322	0.00121629	0.03385282
9.324	0.00328527	0.04274288
9.326	0.00196017	0.03028995
9.328	0.00693084	0.0503637
9.33	0.01073939	0.07938684
9.332	0.00289651	0.03750058
9.334	0.00172348	0.03283184
9.336	0.01237514	0.02690787
9.338	0.00610338	0.03457522
9.34	0.00890455	0.06555877
9.342	0.02487983	0.09383004
9.344	0.01047551	0.03670103
9.346	0.02067626	0.04452307
9.348	0.00993165	0.04718141
9.35	0.00618582	0.02691963
9.352	0.03844881	0.05540609
9.354	0.02576426	0.12122027
9.356	0.01923447	0.15113841
9.358	0.05437878	0.09014955
9.36	0.02416959	0.07470531
9.362	0.05017155	0.09114544
9.364	0.03024966	0.04515918
9.366	0.10543672	0.09526663
9.368	0.0606652	0.10900231
9.37	0.04177311	0.05920042
9.372	0.11163082	0.05335735
9.374	0.18733136	0.09830522
9.376	0.07604506	0.10216645
9.378	0.17775454	0.1562759
9.38	0.30379871	0.25192886
9.382	0.25463837	0.12916006
9.384	0.23781274	0.0783831
9.386	0.0850764	0.06637011
9.388	0.17554535	0.10642978
9.39	0.17728498	0.0952456
9.392	0.34612118	0.0800006
9.394	0.24605411	0.07595277
9.396	0.35945192	0.10324661
9.398	0.12589879	0.07138787
9.4	0.2615587	0.08338163
9.402	0.50890777	0.14433984
9.404	0.5100821	0.04218001
9.406	0.35471346	0.08223559
9.408	0.18406189	0.0788428
9.41	0.447204	0.09018869
9.412	0.75305432	0.19698023
9.414	0.36133675	0.1403286
9.416	0.29263751	0.11561935
9.418	0.53487858	0.11478411
9.42	0.58719008	0.21396868
9.422	0.39552073	0.0816407
9.424	0.63339354	0.24767048
9.426	0.48294832	0.14835284
9.428	0.47185753	0.11736455
9.43	0.62765395	0.14611191
9.432	0.78320748	0.2587249
9.434	0.47542734	0.20535266
9.436	0.53824643	0.18577355
9.438	0.60277985	0.0750789
9.44	0.73530913	0.03376679
9.442	0.51009174	0.13154826
9.444	0.69216655	0.09635226
9.446	0.43854766	0.12405682
9.448	0.8735482	0.24040139
9.45	0.97262742	0.14054414
9.452	0.22539957	0.10192822
9.454	0.93831749	0.06405166
9.456	0.42686542	0.06595449
9.458	1.13933639	0.13247801
9.46	0.82662024	0.27911676
9.462	0.38745541	0.14547901
9.464	0.4199611	0.12361736
9.466	0.88967438	0.27772263
9.468	0.81712149	0.40783912
9.47	1.03308536	0.26881408
9.472	0.64984743	0.2011584
9.474	0.28041271	0.15851736
9.476	0.91390221	0.09421041
9.478	0.914106	0.13644935
9.48	1.12212375	0.11974667
9.482	0.53642285	0.0783603
9.484	0.55679689	0.10748286
9.486	0.91692007	0.36978221
9.488	0.84258095	0.13046793
9.49	0.82201205	0.03821191
9.492	1.31949333	0.11289641
9.494	0.58667317	0.20992332
9.496	0.64888912	0.30175979
9.498	1.16700786	0.13872928
9.5	0.46130333	0.13750657
9.502	0.89643952	0.1370716
9.504	0.88763762	0.45116546
9.506	1.04839321	0.12830503
9.508	0.53883601	0.03647854
9.51	0.90624432	0.13779738
9.512	0.39063899	0.15791186
9.514	0.61497542	0.1824042
9.516	1.30833351	0.32991598
9.518	0.72976591	0.2306516
9.52	0.66147363	0.38204092
9.522	0.86729232	0.31562
9.524	0.3443991	0.11665904
9.526	0.45556814	0.10283408
9.528	1.03810318	0.12761324
9.53	0.73902939	0.01947195
9.532	0.7195946	0.10963011
9.534	0.73701986	0.17515027
9.536	0.51563919	0.09672761
9.538	0.28698517	0.13511518
9.54	0.91885022	0.11466474
9.542	0.78155473	0.21818974
9.544	0.60268477	0.15767915
9.546	0.92766463	0.1370618
9.548	0.47326259	0.12168086
9.55	0.31127505	0.0889085
9.552	0.36243387	0.1332202
9.554	0.75625451	0.11297775
9.556	0.36371952	0.09119996
9.558	0.44409958	0.07105419
9.56	0.58678543	0.16169612
9.562	0.26149878	0.10491286
9.564	0.16291443	0.06829855
9.566	0.13306482	0.07858043
9.568	0.39800337	0.06310404
9.57	0.13090862	0.15272092
9.572	0.19152542	0.14882959
9.574	0.38057479	0.09170623
9.576	0.09322754	0.06208676
9.578	0.00581205	0.06193633
9.58	0.02338082	0.08305412
9.582	0.13435312	0.06890391
9.584	0.00468362	0.06225738
9.586	0.04299429	0.11306689
9.588	0.0939024	0.10482012
9.59	0.05879332	0.06034311
9.592	0.04428816	0.08141069
9.594	0.0764193	0.08486834
9.596	0.14905542	0.0909278
9.598	0.56157597	0.0470582
9.6	0.81607694	0.21367695
9.602	0.72188195	0.2780892
9.604	0.76654463	0.31636537
9.606	0.75631094	0.29288072
9.608	0.8519427	0.14328181
9.61	0.93701316	0.20059903
9.612	0.8903242	0.12536757
9.614	0.78788385	0.1721419
9.616	0.77113125	0.23882179
9.618	0.60170434	0.32614921
9.62	0.84590489	0.44253858
9.622	0.80117499	0.2891346
9.624	0.58972766	0.20232481
9.626	0.55378232	0.28444572
9.628	0.99207824	0.18395442
9.63	0.86264553	0.2852603
9.632	0.56884362	0.30927165
9.634	0.38693791	0.21974747
9.636	0.76730901	0.13815922
9.638	0.82592191	0.15932219
9.64	0.63811316	0.20400162
9.642	0.43260007	0.22236416
9.644	0.59928217	0.27308108
9.646	0.94044216	0.14916445
9.648	0.58281352	0.16809702
9.65	0.44716917	0.17653913
9.652	0.70344751	0.15997243
9.654	0.49845662	0.14704632
9.656	0.5403647	0.16536079
9.658	0.34239471	0.24590378
9.66	0.60001311	0.19889559
9.662	0.61875592	0.06272694
9.664	1.19475768	0.15973282
9.666	0.44843375	0.15694272
9.668	0.58546235	0.08177363
9.67	0.35247246	0.14485257
9.672	0.45391798	0.25965235
9.674	0.39434335	0.14170249
9.676	0.23009906	0.13584863
9.678	0.6837757	0.12397007
9.68	0.57873249	0.12541824
9.682	0.65158082	0.15643448
9.684	0.26429406	0.17214462
9.686	0.59150136	0.08619763
9.688	0.20921548	0.16165844
9.69	0.51210697	0.16162449
9.692	0.37192727	0.15361741
9.694	0.28773565	0.17659761
9.696	0.5923801	0.18821809
9.698	0.52946228	0.05276511
9.7	0.82886925	0.04446027
9.702	0.24302755	0.132353
9.704	0.59936746	0.03322514
9.706	0.18220773	0.14493885
9.708	0.61231062	0.07367601
9.71	0.46008121	0.1195727
9.712	0.22780863	0.133334
9.714	0.74851841	0.08232398
9.716	0.30710733	0.11598567
9.718	0.7957004	0.29359157
9.72	0.36852203	0.13635152
9.722	0.5172719	0.06275347
9.724	0.34762544	0.15496862
9.726	0.58775297	0.17277198
9.728	0.45163749	0.14373828
9.73	0.20766784	0.10471173
9.732	0.79113477	0.05083674
9.734	0.29943213	0.11257765
9.736	0.6752474	0.11983197
9.738	0.61988011	0.18492066
9.74	0.23340957	0.09350415
9.742	0.82874932	0.03362929
9.744	0.26900887	0.12667835
9.746	0.59798902	0.09025182
9.748	0.36278921	0.11877689
9.75	0.25826819	0.0748283
9.752	0.88869266	0.06054801
9.754	0.28858034	0.14117246
9.756	0.58083819	0.17729778
9.758	0.41200762	0.15609571
9.76	0.3560431	0.1196962
9.762	0.82884127	-0.0167736
9.764	0.36808853	0.09938293
9.766	0.46708225	0.13749875
9.768	0.33246038	0.12866779
9.77	0.30704805	0.10299734
9.772	0.6227294	0.13952746
9.774	0.29722825	0.15934934
9.776	0.61045014	0.17811966
9.778	0.39528883	0.10323586
9.78	0.30179839	0.10921631
9.782	0.62122643	0.15666118
9.784	0.29632792	0.1510688
9.786	0.42724971	0.09917278
9.788	0.28943742	0.10866681
9.79	0.23815471	0.14447022
9.792	0.62427936	0.22884143
9.794	0.32512644	0.13281326
9.796	0.65032777	0.05667058
9.798	0.40409985	0.0956085
9.8	0.25487783	0.13859056
9.802	0.6328798	0.16979793
9.804	0.3026482	0.15319166
9.806	0.41643593	0.11145079
9.808	0.2520395	0.13840097
9.81	0.17594931	0.09335003
9.812	0.58080913	0.1075845
9.814	0.39481296	0.13626801
9.816	0.53242789	0.09207735
9.818	0.4908889	0.09511393
9.82	0.23589757	0.10161858
9.822	0.4183576	0.12047949
9.824	0.49115048	0.15267843
9.826	0.31644469	0.11331972
9.828	0.36625905	0.10636493
9.83	0.21834387	0.12262561
9.832	0.2701596	0.1032728
9.834	0.42874765	0.08987202
9.836	0.38812297	0.05943399
9.838	0.53831745	0.09356762
9.84	0.30634501	0.11592397
9.842	0.19744804	0.0608699
9.844	0.38864132	0.08557166
9.846	0.35574943	0.04106418
9.848	0.3727173	0.09581678
9.85	0.29996917	0.05762788
9.852	0.1800984	0.10827755
9.854	0.31142795	0.13056572
9.856	0.31714542	0.12776834
9.858	0.36409768	0.16285701
9.86	0.43813699	0.15130891
9.862	0.24094796	0.13152351
9.864	0.18725506	0.06811898
9.866	0.37675208	0.0578331
9.868	0.25394309	0.10227206
9.87	0.31540048	0.08538612
9.872	0.23843957	0.09469055
9.874	0.16631586	0.07597113
9.876	0.29326297	0.11997554
9.878	0.20824236	0.09978482
9.88	0.27146455	0.11449336
9.882	0.52415928	0.17004315
9.884	0.22123277	0.07594235
9.886	0.12863914	0.06715533
9.888	0.34395778	0.08463194
9.89	0.16038522	0.08644292
9.892	0.29646422	0.11620914
9.894	0.303761	0.12392035
9.896	0.13896476	0.08677547
9.898	0.19122824	0.09995191
9.9	0.23970842	0.18701492
9.902	0.10519306	0.09912623
9.904	0.4117598	0.10416104
9.906	0.3577369	0.08155117
9.908	0.10680898	0.0536875
9.91	0.26976163	0.08550013
9.912	0.14570031	0.0495807
9.914	0.0995583	0.06725622
9.916	0.32865493	0.07334686
9.918	0.16597449	0.06344389
9.92	0.1500124	0.09016987
9.922	0.20205511	0.11870767
9.924	0.11688159	0.09744269
9.926	0.08007506	0.07576414
9.928	0.4093781	0.08850071
9.93	0.23816094	0.07669399
9.932	0.08871507	0.05170344
9.934	0.20921122	0.08483911
9.936	0.09761314	0.09070698
9.938	0.07599293	0.0925
9.94	0.23378869	0.10908765
9.942	0.12857739	0.07392913
9.944	0.1523471	0.08274067
9.946	0.1510585	0.09129664
9.948	0.10103086	0.09927224
9.95	0.06438518	0.06347028
9.952	0.2530446	0.1204323
9.954	0.18501316	0.06941739
9.956	0.09635546	0.08427157
9.958	0.12860587	0.0846879
9.96	0.06717204	0.08577714
9.962	0.06966918	0.07640052
9.964	0.11590035	0.0787623
9.966	0.12903879	0.06863875
9.968	0.15421053	0.09217512
9.97	0.10984181	0.07942611
9.972	0.0806078	0.07524588
9.974	0.04144493	0.04551942
9.976	0.11352157	0.06433126
9.978	0.24190989	0.0679551
9.98	0.10203681	0.0740681
9.982	0.09362687	0.06361422
9.984	0.05367017	0.06201267
9.986	0.03244949	0.04496026
9.988	0.06198793	0.06434194
9.99	0.06883733	0.0515516
9.992	0.14757491	0.08410302
9.994	0.1045192	0.07032487
9.996	0.06329434	0.08918017
9.998	0.01353774	0.0648011
10	0.06936461	0.07355072
10.002	0.08861328	0.06744587
10.004	0.16487889	0.0827213
10.006	0.11229404	0.06711475
10.008	0.02310683	0.05782979
10.01	0.01720455	0.0541166
10.012	0.04554656	0.07202446
10.014	0.00656828	0.03963851
10.016	0.0574241	0.05032738
10.018	0.14664502	0.09778138
10.02	0.05636111	0.06932838
10.022	0.01940949	0.0425808
10.024	0.03504393	0.04478834
10.026	0.03627076	0.05374303
10.028	0.03838257	0.05411348
10.03	0.15054073	0.09127911
10.032	0.0232785	0.04997957
10.034	0.0107017	0.03495871
10.036	0.02403026	0.04464899
10.038	0.02260684	0.04102762
10.04	0.00201345	0.03463129
10.042	0.0350536	0.0589211
10.044	0.09749624	0.09694501
10.046	0.04043046	0.05688221
10.048	0.00227588	0.03323005
10.05	0.02961253	0.05102874
10.052	0.01515869	0.03822694
10.054	0.02656352	0.05374133
10.056	0.06789811	0.10458164
10.058	0.03048823	0.05568913
10.06	0.00607771	0.03778301
10.062	0.01178954	0.04354754
10.064	0.00616197	0.03808492
10.066	0.00136559	0.03524317
10.068	0.01687544	0.04971967
10.07	0.04815919	0.06556763
10.072	0.04112032	0.0669915
10.074	0.00203958	0.02285477
10.076	0.03069974	0.04037388
10.078	0.00541546	0.03463359
10.08	0.01370527	0.0538848
10.082	0.01132743	0.05471607
10.084	0.02962897	0.06924277
10.086	0.01158051	0.0417022
10.088	0.00746321	0.0359527
10.09	0.00408364	0.03255658
10.092	4.59E-06	0.02511604
10.094	0.00802803	0.03711328
10.096	0.00586237	0.03328601
10.098	0.03641076	0.0675692
10.1	0.0128071	0.03540524
10.102	0.00574545	0.02890426
10.104	0.00266186	0.03228441
10.106	0.00546161	0.03778518
10.108	0.00733414	0.04689897
10.11	0.00870979	0.03671983
10.112	0.02391977	0.050921
10.114	0.00645223	0.03205529
10.116	0.00197059	0.02820116
10.118	2.92E-05	0.02103949
10.12	0.0017557	0.03071441
10.122	0.00240635	0.03010785
10.124	0.00018326	0.02374506
10.126	0.01869311	0.0473285
10.128	0.00949448	0.03608814
10.13	0.00331642	0.02999984
10.132	0.00016479	0.0204139
10.134	0.00278246	0.03421084
10.136	0.00196155	0.03542546
10.138	0.00094423	0.02142867
10.14	0.00834723	0.03497232
10.142	0.00585882	0.03469779
10.144	-0.0001745	0.01753153
10.146	-8.60E-05	0.02342636
10.148	0.00098102	0.03356607
10.15	-0.0003713	0.01583468
10.152	-0.0001138	0.01918915
10.154	0.00541008	0.03015067
10.156	0.010323	0.04176542
10.158	0.00152951	0.03235478
10.16	0.00012716	0.03027219
10.162	0.00030818	0.03238869
10.164	0.00071608	0.0223282
10.166	-4.84E-05	0.02106989
10.168	9.71E-05	0.0217523
10.17	0.00874411	0.04529152
10.172	0.00031445	0.01954417
10.174	-0.0002198	0.01943862
10.176	-2.33E-05	0.01707174
10.178	-0.000444	0.01394534
10.18	-0.0002852	0.01858545
10.182	0.00037711	0.0389392
10.184	0.00355513	0.0359476
10.186	0.00255333	0.01968061
10.188	-2.40E-05	0.01877839
10.19	-0.0001008	0.01973718
10.192	-1.80E-05	0.01753
10.194	0.001073	0.0421985
10.196	0.00019737	0.0258651
10.198	4.00E-05	0.0193215
10.2	0.00034701	0.01948269
10.202	-0.00047	0.01448213
10.204	-0.0005392	0.01396155
10.206	0.00085278	0.02973899
10.208	0.00124995	0.03653574
10.21	-0.0006424	0.01240635
10.212	-0.0005806	0.0138169
10.214	0.0008681	0.02309187
10.216	0.00010696	0.01678215
10.218	-0.0002069	0.0208893
10.22	0.00269834	0.05469092
10.222	-0.0002444	0.01955945
10.224	-0.000538	0.01364245
10.226	-0.0006394	0.01162031
10.228	-0.0005757	0.01296911
10.23	0.00113807	0.04280027
10.232	0.0019168	0.05413378
10.234	0.00322432	0.04399554
10.236	-0.0005971	0.01318994
10.238	-0.00065	0.01163556
10.24	-0.0006657	0.01113342
10.242	-0.0006107	0.01275796
10.244	-0.0002833	0.02224476
10.246	0.01280349	0.09869296
10.248	0.00709054	0.04831083
10.25	-0.00065	0.01486038
10.252	-0.0006798	0.00970567
10.254	-0.0006464	0.01053002
10.256	-0.0006497	0.0110482
10.258	-0.0006188	0.01567107
10.26	0.00534627	0.0629256
10.262	0.00163937	0.02770199
10.264	-0.0007028	0.01171625
10.266	0.00198285	0.03450309
10.268	0.0024477	0.03972617
10.27	-0.0006497	0.01381946
10.272	0.00303828	0.04451791
10.274	0.00526985	0.07257793
10.276	0.00198813	0.03129938
10.278	-0.0005814	0.01281484
10.28	-0.000704	0.00925261
10.282	-0.0006874	0.00971741
10.284	-0.0006613	0.01304338
10.286	-0.0006714	0.01344192
10.288	0.00481105	0.05237555
10.29	0.00334748	0.04291213
10.292	-0.0004867	0.0241742
10.294	0.00051588	0.03978617
10.296	0.00038525	0.02980267
10.298	-0.000727	0.01082575
10.3	-0.0007203	0.01025543
10.302	0.0023802	0.03141286
10.304	0.00511465	0.06120541
10.306	-0.0007374	0.01386113
10.308	-0.0006848	0.01212357
10.31	-0.0007573	0.00911801
10.312	-0.0007752	0.00792975
10.314	-0.0007913	0.00878
10.316	-0.0007458	0.01261304
10.318	0.0034977	0.05835897
10.32	0.00108107	0.02629435
10.322	-0.0007958	0.0094496
10.324	-0.0007831	0.00892386
10.326	-0.0008006	0.00786705
10.328	-0.0007915	0.00836516
10.33	-0.0007942	0.00844868
10.332	0.00046473	0.02110758
10.334	0.00360321	0.05660841
10.336	-0.0007324	0.01273163
10.338	-0.0007988	0.00888475
10.34	-0.0007792	0.0093906
10.342	8.42E-05	0.02428575
10.344	-0.0002196	0.01617231
10.346	-0.0007603	0.00907337
10.348	0.00075768	0.02807029
10.35	0.00135811	0.04100482
10.352	-0.0007585	0.01627431
10.354	-0.0007469	0.01372327
10.356	-0.0007933	0.0080845
10.358	-0.0007834	0.00732918
10.36	-0.0007881	0.00727762
10.362	-0.0007927	0.00815045
10.364	0.00020547	0.02449207
10.366	0.00038222	0.0308229
10.368	-0.0008182	0.00918587
10.37	-0.000829	0.00753038
10.372	-0.0008265	0.00703818
10.374	-0.0008311	0.00756353
10.376	-0.000825	0.0068883
10.378	-0.0008244	0.00722411
10.38	-0.0004994	0.01592338
10.382	-0.0002822	0.02411198
10.384	-0.0008538	0.0081024
10.386	-0.0008583	0.00701288
10.388	-0.0008376	0.00686518
10.39	-0.0008377	0.00687972
10.392	-0.0008382	0.0066348
10.394	-0.0008227	0.00701082
10.396	-0.0007909	0.01050551
10.398	-0.0007345	0.01429057
10.4	-0.000825	0.00776522
10.402	-0.0008292	0.00698068
10.404	-0.0008283	0.00755526
10.406	-0.00084	0.00729294
10.408	-0.0008007	0.00685234
10.41	-0.0007833	0.00689206
10.412	-0.0007448	0.0072617
10.414	-0.0007385	0.00655263
10.416	-0.0007281	0.00704489
10.418	-0.0007166	0.01059685
10.42	-0.0006685	0.01612284
10.422	-0.0005713	0.0177791
10.424	-0.0004924	0.02090795
10.426	-0.0006808	0.01092207
10.428	-0.000767	0.00725046
10.43	-0.0007793	0.00730952
10.432	-0.0007832	0.00679972
10.434	-0.000783	0.00663814
10.436	-0.0007539	0.00677752
10.438	-0.0007275	0.00833814
10.44	0.00027573	0.02954973
10.442	-0.0001624	0.0178679
10.444	-0.0007406	0.00729627
10.446	-0.0007491	0.00672062
10.448	-0.0007544	0.0067129
10.45	-0.000757	0.00675949
10.452	-0.0007425	0.0067797
10.454	-0.0007243	0.0072915
10.456	-0.0006744	0.01105677
10.458	0.00132358	0.04403915
10.46	-0.00025	0.0165352
10.462	-0.0006624	0.01200033
10.464	-0.0004234	0.02175863
10.466	-0.0006993	0.01271784
10.468	0.0068184	0.06621195
10.47	0.00232217	0.02739805
10.472	-0.0007301	0.00924116
10.474	-0.0006195	0.01300024
10.476	0.00218777	0.05262243
10.478	-4.32E-05	0.01781496
10.48	-0.000709	0.01021519
10.482	-0.000717	0.00928525
10.484	-0.0007349	0.00744473
10.486	-0.0007235	0.00826428
10.488	0.00123681	0.02836716
10.49	0.00160039	0.03486269
10.492	-0.0007236	0.01243959
10.494	0.00260039	0.05297584
10.496	0.00093858	0.02588345
10.498	-0.0007543	0.00845616
10.5	-0.0007473	0.00714355
10.502	-0.0007196	0.00685606
10.504	-0.0007153	0.00688934
10.506	-0.0007375	0.00693324
10.508	-0.0007334	0.00741392
10.51	-0.0007376	0.00912348
10.512	0.00237241	0.03776454
10.514	0.00284833	0.04505492
10.516	-0.0007507	0.0095785
10.518	-0.0007689	0.00739622
10.52	-0.0007622	0.00712265
10.522	-0.0007543	0.00708155
10.524	-0.0007681	0.00712702
10.526	-0.0007776	0.00716838
10.528	-0.0007743	0.00793331
10.53	-0.0004955	0.01479532
10.532	0.00534632	0.06506631
10.534	-1.50E-05	0.01805772
10.536	-0.0008307	0.0088072
10.538	-0.0008349	0.00806431
10.54	-0.0008397	0.00867332
10.542	-0.0008162	0.01179091
10.544	0.03666492	0.0430494
10.546	0.12381442	0.12091056
10.548	-0.0002663	0.02395946
10.55	0.00175551	0.03330478
10.552	0.00370696	0.05461285
10.554	-0.0007635	0.01116575
10.556	-0.0007735	0.00803519
10.558	-0.0008183	0.00783413
10.56	-0.0008047	0.00797929
10.562	-0.0007354	0.0139917
10.564	-0.0007366	0.01598155
10.566	-0.0008221	0.00836554
10.568	-0.000806	0.00923977
10.57	0.00263432	0.0388543
10.572	0.00280095	0.04188595
10.574	-0.0007934	0.00924287
10.576	-0.0007945	0.00778392
10.578	-0.0007829	0.00731288
10.58	-0.0007941	0.00719219
10.582	-0.0007334	0.01190069
10.584	-0.000667	0.01637162
10.586	-0.0008125	0.00857641
10.588	-0.0008055	0.01035138
10.59	0.00235021	0.03762696
10.592	0.0025572	0.03957699
10.594	-0.0008479	0.00966965
10.596	-0.0008563	0.00752095
10.598	-0.0008694	0.00710182
10.6	-0.0008805	0.00745836
10.602	-0.0008819	0.00698159
10.604	-0.0008601	0.0071261
10.606	-0.0008239	0.00762792
10.608	-0.0008175	0.00801954
10.61	0.00099512	0.02529116
10.612	0.00228726	0.04421713
10.614	-0.0008393	0.01016569
10.616	-0.0008366	0.00747198
10.618	-0.0008371	0.00704317
10.62	-0.0008399	0.00758792
10.622	-0.000827	0.00760522
10.624	-0.0008416	0.00797544
10.626	-0.0006716	0.01771604
10.628	-0.0007349	0.01294359
10.63	-0.0007014	0.0125311
10.632	0.0017866	0.0469735
10.634	-0.000474	0.01432063
10.636	-0.0008273	0.00838736
10.638	-0.0008266	0.00717485
10.64	-0.0008403	0.00748735
10.642	-0.0008782	0.00704353
10.644	-0.0009017	0.00766199
10.646	-0.0008907	0.00705401
10.648	-0.0008521	0.00709738
10.65	-0.0008534	0.00838944
10.652	0.00034595	0.02548459
10.654	0.00061592	0.03090714
10.656	-0.0008589	0.00834386
10.658	-0.0008442	0.0074352
10.66	-0.0008263	0.00768179
10.662	-0.0008506	0.00697975
10.664	-0.000838	0.00689397
10.666	-0.0008218	0.00764148
10.668	-0.0008058	0.00827432
10.67	-0.0008703	0.0079521
10.672	-0.000871	0.00850651
10.674	0.00029212	0.03081409
10.676	-0.0001685	0.01880578
10.678	-0.000827	0.00782557
10.68	-0.000827	0.00740686
10.682	-0.0008034	0.00738735
10.684	-0.0007758	0.00713444
10.686	-0.0008146	0.00680583
10.688	-0.0008427	0.00685919
10.69	-0.0008459	0.00730386
10.692	-0.0008239	0.00779452
10.694	-0.0008191	0.00920371
10.696	-8.30E-05	0.02820237
10.698	-0.0005697	0.01430784
10.7	-0.0008524	0.0078375
10.702	-0.0008407	0.00697801
10.704	-0.0008695	0.00689763
10.706	-0.0008195	0.00706701
10.708	-0.0008137	0.00779372
10.71	-0.0008328	0.00697414
10.712	-0.0008418	0.00689606
10.714	-0.0007812	0.00710488
10.716	-0.0007737	0.00842206
10.718	-0.0002526	0.02268563
10.72	-0.0005935	0.01426904
10.722	-0.0008539	0.00773456
10.724	-0.00088	0.00777097
10.726	-0.0008883	0.00763364
10.728	-0.0008832	0.00702662
10.73	-0.0008265	0.00710794
10.732	-0.0008013	0.00729325
10.734	-0.0008465	0.00716498
10.736	-0.0008863	0.00720188
10.738	-0.0009149	0.00793005
10.74	-0.0006913	0.01500858
10.742	-0.0006012	0.01694347
10.744	-0.0008597	0.00808591
10.746	-0.0008423	0.00715027
10.748	-0.0008846	0.0070321
10.75	-0.0009011	0.00734845
10.752	-0.0009175	0.00777029
10.754	-0.0008968	0.00731617
10.756	-0.0009804	0.00704165
10.758	-0.00096	0.00725321
10.76	-0.0009245	0.00734047
10.762	-0.0009569	0.00876333
10.764	-0.0007038	0.02207791
10.766	-0.0009468	0.01120611
10.768	-0.0010323	0.01156969
10.77	-0.0010473	0.00797076
10.772	-0.0010476	0.0072393
10.774	-0.0009125	0.00705346
10.776	-0.0010109	0.00711263
10.778	-0.0009746	0.00711553
10.78	-0.0008924	0.00708399
10.782	-0.0008789	0.00723824
10.784	-0.0008794	0.00814929
10.786	-0.0009358	0.01090055
10.788	-0.0009253	0.01380333
10.79	-0.0009269	0.00764336
10.792	-0.000878	0.00725471
10.794	-0.000908	0.00727004
10.796	-0.0010442	0.00744739
10.798	-0.0009634	0.00762396
10.8	-0.0008753	0.00852512
10.802	-0.0009708	0.00831916
10.804	-0.0011091	0.0113352
10.806	-0.0010301	0.01375923
10.808	-0.0009431	0.01691116
10.81	0.03603018	0.10095334
10.812	0.03377837	0.09309331
10.814	-0.0009287	0.0160101
10.816	-0.0009684	0.01067568
10.818	-0.0010126	0.00878769
10.82	-0.0009754	0.00803744
10.822	-0.0009001	0.00794519
10.824	-0.0009047	0.00770777
10.826	-0.0009029	0.00751069
10.828	-0.0009255	0.00751483
10.83	-0.0011078	0.00785168
10.832	-0.0009153	0.00886951
10.834	-0.0009096	0.01062523
10.836	-0.0009513	0.01115862
10.838	-0.0008948	0.00863909
10.84	-0.0009859	0.01026123
10.842	-0.0005847	0.02100645
10.844	0.05115931	0.1305631
10.846	0.01614422	0.04565236
10.848	-0.0009734	0.01197409
10.85	-0.0010291	0.01055999
10.852	-0.0010006	0.01527357
10.854	-0.0009586	0.01600228
10.856	-0.0010984	0.00836698
10.858	-0.0010407	0.00840053
10.86	-0.0009938	0.01062657
10.862	-0.0010303	0.00821106
10.864	-0.001165	0.00764071
10.866	-0.0009025	0.00779997
10.868	-0.0009663	0.0078664
10.87	-0.0009293	0.00793476
10.872	-0.0009337	0.00756029
10.874	-0.000909	0.00731572
10.876	-0.0009336	0.00732006
10.878	-0.0012404	0.00761778
10.88	-0.0011275	0.00804065
10.882	-0.0012545	0.00824369
10.884	-0.0010882	0.00995676
10.886	-0.0006969	0.01498189
10.888	-0.0001127	0.02996048
10.89	-0.0008184	0.00969301
10.892	-0.0009371	0.00781138
10.894	-0.0009527	0.00748005
10.896	-0.0009709	0.0074182
10.898	-0.0009771	0.00740576
10.9	-0.0008811	0.00783344
10.902	-0.0008588	0.00820725
10.904	-0.0009127	0.00745397
10.906	-0.0008542	0.00731344
10.908	-0.0009309	0.00757551
10.91	-0.0008229	0.00924789
10.912	-0.0009271	0.00779734
10.914	-0.0008666	0.00734374
10.916	-0.0008621	0.00735442
10.918	-0.0008843	0.00739353
10.92	-0.000893	0.00795998
10.922	-0.0008755	0.00811982
10.924	-0.0008805	0.00742268
10.926	-0.0008428	0.00736238
10.928	-0.0009032	0.00745161
10.93	-0.0009024	0.00815511
10.932	-0.0010769	0.00859969
10.934	-0.0010507	0.00782441
10.936	-0.0008537	0.00834352
10.938	-0.0009961	0.0081645
10.94	-0.0006333	0.01603093
10.942	-0.0004939	0.02009572
10.944	-0.0009028	0.00838525
10.946	-0.0008745	0.00764085
10.948	-0.0009523	0.00776026
10.95	-0.0011197	0.00800621
10.952	-0.0008925	0.00815431
10.954	-0.0010052	0.00763673
10.956	-0.0010679	0.00767381
10.958	-0.001126	0.00792139
10.96	-0.0012175	0.00820672
10.962	-0.001195	0.00856762
10.964	-0.0011119	0.00854078
10.966	-0.0009626	0.00786941
10.968	-0.0008828	0.00770128
10.97	-0.000903	0.00809979
10.972	-0.000923	0.00844612
10.974	-0.0008884	0.00809629
10.976	-0.0008501	0.00769489
10.978	-0.0008832	0.00779066
10.98	-0.0009448	0.00970305
10.982	-0.000921	0.00862737
10.984	-0.0009536	0.00998814
10.986	-0.0008756	0.01444077
10.988	-0.0009937	0.00956444
10.99	-0.0010086	0.00902948
10.992	-0.0010672	0.00922836
10.994	-0.000883	0.01006429
10.996	-0.0008775	0.01105487
10.998	-0.0007845	0.01632822
11	0.04839393	0.05711589
11.002	0.1937888	0.16134452
11.004	0.00139656	0.03581528
11.006	-0.000887	0.01421626
11.008	-0.0008761	0.01077189
11.01	-0.0009427	0.0092536
11.012	-0.0008605	0.00983002
11.014	-0.0009434	0.00954509
11.016	-0.0009965	0.00931794
11.018	-0.0009405	0.00827043
11.02	-0.0008508	0.00798544
11.022	-0.0008866	0.00798987
11.024	-0.0009235	0.00847759
11.026	-0.0009517	0.00845841
11.028	-0.0008945	0.01203578
11.03	-0.001096	0.00983651
11.032	-0.0010196	0.00876734
11.034	0.00294026	0.03167963
11.036	0.00133319	0.01724205
11.038	-0.0011634	0.00879157
11.04	-0.0013467	0.00842428
11.042	-0.0011899	0.00855179
11.044	-0.0011748	0.01261555
11.046	-0.0011272	0.00994722
11.048	-0.0011158	0.00819652
11.05	-0.0010757	0.00804266
11.052	-0.0008682	0.00820574
11.054	-0.0008782	0.00801515
11.056	-0.0008311	0.00780758
11.058	-0.0008442	0.00783262
11.06	-0.0008514	0.00817158
11.062	-0.0009136	0.00810767
11.064	-0.0008516	0.00835894
11.066	-0.0008528	0.00837634
11.068	-0.0008785	0.0079133
11.07	-0.0008443	0.00788579
11.072	-0.0008692	0.00794938
11.074	-0.0008816	0.00800051
11.076	-0.0009559	0.00845145
11.078	-0.0008762	0.00859036
11.08	-0.0009282	0.00836456
11.082	-0.0009381	0.00909245
11.084	-0.0010014	0.00883961
11.086	-0.0008972	0.00875731
11.088	-0.0009312	0.00807488
11.09	-0.0008609	0.00796537
11.092	-0.0008619	0.00797429
11.094	-0.0008719	0.00799156
11.096	-0.0008812	0.0080078
11.098	-0.0009113	0.00814275
11.1	-0.000941	0.00835548
11.102	-0.000889	0.00804651
11.104	-0.0009309	0.00812041
11.106	-0.0009222	0.00894372
11.108	-0.0009544	0.00859356
11.11	-0.0008982	0.00808353
11.112	-0.0008721	0.00806443
11.114	-0.0008667	0.00806785
11.116	-0.0008648	0.00807438
11.118	-0.0008661	0.00808525
11.12	-0.000907	0.00816649
11.122	-0.0008911	0.00819773
11.124	-0.0008912	0.00834644
11.126	-0.0009156	0.00833315
11.128	-0.0008867	0.00894197
11.13	-0.0010456	0.00854039
11.132	-0.0010546	0.00853334
11.134	-0.000979	0.00924778
11.136	-0.0008902	0.00877062
11.138	-0.0008992	0.01107871
11.14	-0.0006826	0.01784645
11.142	-0.0008801	0.00895686
11.144	-0.0008955	0.00846464
11.146	-0.0010514	0.00841863
11.148	-0.0009726	0.00878941
11.15	-0.0009791	0.00896986
11.152	-0.0009361	0.00852876
11.154	-0.0008758	0.01146488
11.156	-0.0008896	0.0094276
11.158	-0.0010628	0.00852631
11.16	-0.0008886	0.00882444
11.162	-0.0008606	0.00984381
11.164	-0.0009041	0.00852183
11.166	-0.0009527	0.0083791
11.168	-0.0008831	0.00831135
11.17	-0.0009077	0.00863337
11.172	-0.0009299	0.00895095
11.174	-0.0009353	0.0084716
11.176	-0.000864	0.00832737
11.178	-0.0008875	0.00841233
11.18	-0.0008939	0.00844514
11.182	-0.0008591	0.00834937
11.184	-0.0008584	0.00835757
11.186	-0.0008639	0.0083715
11.188	-0.0008588	0.0083758
11.19	-0.0008637	0.00838979
11.192	-0.0009049	0.00861663
11.194	-0.0008759	0.00891652
11.196	-0.0008993	0.00847175
11.198	-0.0008918	0.00853868
11.2	-0.00087	0.00845765
11.202	-0.0009088	0.00849181
11.204	-0.0008905	0.008554
11.206	-0.0008699	0.00847141
11.208	-0.0009798	0.00858087
11.21	-0.0012271	0.00884518
11.212	-0.0011288	0.00882736
11.214	-0.0012424	0.00910536
11.216	-0.0011134	0.0098618
11.218	-0.0004895	0.01843843
11.22	0.00042075	0.03438838
11.222	-0.0010852	0.0104898
11.224	-0.0011376	0.00928633
11.226	-0.0011618	0.00908757
11.228	-0.0010193	0.00908975
11.23	-0.0010545	0.01125885
11.232	-0.00089	0.01074435
11.234	-0.00077	0.02169486
11.236	-0.0008875	0.01794558
11.238	-0.0010415	0.01003969
11.24	-0.0009277	0.00936465
11.242	-0.0009216	0.0090929
11.244	-0.0010396	0.00921892
11.246	-0.0009724	0.00929725
11.248	-0.0008975	0.00958835
11.25	-0.0009219	0.01106333
11.252	0.00143417	0.03602096
11.254	0.00173833	0.04200429
11.256	-0.0009035	0.01181651
11.258	-0.0008942	0.01029883
11.26	-0.0009369	0.01036674
11.262	-0.0009443	0.01114731
11.264	-0.0009217	0.01204596
11.266	-0.0008752	0.01498288
11.268	-0.0006815	0.02766365
11.27	0.11034008	0.12105073
11.272	0.13907911	0.15728567
11.274	-0.0002983	0.03278375
11.276	-0.0010274	0.01608389
11.278	-0.0011496	0.01257022
11.28	-0.0011779	0.0111124
11.282	-0.001165	0.01043662
11.284	-0.0011034	0.01003415
11.286	-0.0009577	0.00991541
11.288	-0.000957	0.00963226
11.29	-0.0009285	0.00969062
11.292	-0.0009295	0.00939238
11.294	-0.000911	0.00933833
11.296	-0.0009414	0.0093993
11.298	-0.0009485	0.00942454
11.3	-0.0009537	0.0094778
11.302	-0.0009894	0.00976858
11.304	-0.0010509	0.01012848
11.306	-0.0009928	0.01004335
11.308	-0.0009991	0.01070225
11.31	-0.0009679	0.01281094
11.312	9.75E-05	0.02740244
11.314	0.0221241	0.1342444
11.316	0.00451761	0.04077675
11.318	-0.0010975	0.01370429
11.32	-0.0011632	0.01125437
11.322	-0.0012069	0.01140138
11.324	-0.0009991	0.02208478
11.326	-0.0013805	0.01190177
11.328	-0.0014446	0.01008701
11.33	-0.0013844	0.00987579
11.332	-0.0013304	0.0097695
11.334	-0.0011327	0.00969839
11.336	-0.0009988	0.00947149
11.338	-0.0009926	0.0094883
11.34	-0.0011276	0.00976091
11.342	-0.0011889	0.00993902
11.344	-0.001324	0.01040545
11.346	-0.0014195	0.01179491
11.348	-0.0001465	0.02752346
11.35	0.00197992	0.06462516
11.352	-0.0010571	0.01658823
11.354	-0.0010465	0.01088267
11.356	-0.0010399	0.01007763
11.358	-0.0010615	0.00990394
11.36	-0.0010841	0.00988031
11.362	-0.0010507	0.00972155
11.364	-0.0010325	0.0096816
11.366	-0.0010575	0.00983865
11.368	-0.0010644	0.0099005
11.37	-0.0011824	0.00998804
11.372	-0.0012547	0.01020907
11.374	-0.0012575	0.01052943
11.376	-0.0011929	0.01135581
11.378	-0.0011483	0.01309276
11.38	-0.0008781	0.02246527
11.382	0.01213056	0.11104188
11.384	0.00770613	0.06350958
11.386	-0.0010902	0.01633154
11.388	-0.0011633	0.01275592
11.39	-0.0010833	0.01128862
11.392	-0.0011021	0.01034439
11.394	-0.001061	0.01006115
11.396	-0.0010575	0.00992918
11.398	-0.0010635	0.00985742
11.4	-0.0010901	0.00990253
11.402	-0.0010737	0.00983223
11.404	-0.0010542	0.00975315
11.406	-0.001045	0.00973117
11.408	-0.001061	0.00975443
11.41	-0.001101	0.00980416
11.412	-0.0011412	0.009849
11.414	-0.0010177	0.01010124
11.416	-0.0010711	0.01407271
11.418	-0.0011888	0.01057817
11.42	-0.0013104	0.01004937
11.422	-0.0012936	0.00999175
11.424	-0.0013547	0.01011012
11.426	-0.0012791	0.01003058
11.428	-0.0012006	0.00988076
11.43	-0.001215	0.00990493
11.432	-0.0012009	0.00991203
11.434	-0.001199	0.00994322
11.436	-0.0011007	0.00990146
11.438	-0.0010501	0.00993303
11.44	-0.0010312	0.00989131
11.442	-0.0010348	0.00994826
11.444	-0.0010078	0.00987481
11.446	-0.0010044	0.00989641
11.448	-0.0010076	0.00992737
11.45	-0.0010055	0.00996055
11.452	-0.0010294	0.01000327
11.454	-0.0010674	0.01008293
11.456	-0.0010695	0.01013351
11.458	-0.0010597	0.01017553
11.46	-0.0010882	0.01029262
11.462	-0.0011304	0.01050021
11.464	-0.00111	0.01064268
11.466	-0.0010891	0.01109363
11.468	-0.0010939	0.01113614
11.47	-0.00106	0.01177366
11.472	-0.0010494	0.01334947
11.474	-0.0010203	0.01874161
11.476	0.03601367	0.06153221
11.478	0.16120426	0.1848609
11.48	0.00189061	0.04033243
11.482	-0.0010857	0.01644594
11.484	-0.001076	0.01284577
11.486	-0.0010566	0.01162937
11.488	-0.0010914	0.01111437
11.49	-0.0010534	0.01078825
11.492	-0.0010621	0.01062737
11.494	-0.0010877	0.01054513
11.496	-0.0010833	0.01047756
11.498	-0.0010756	0.01041454
11.5	-0.0010766	0.01038381
11.502	-0.0011082	0.01042753
11.504	-0.0011251	0.01042032
11.506	-0.0011066	0.01037919
11.508	-0.00108	0.01034009
11.51	-0.0010824	0.01034185
11.512	-0.0010955	0.01036108
11.514	-0.001097	0.01036038
11.516	-0.0012	0.01047344
11.518	-0.0012185	0.01048539
11.52	-0.0013033	0.0105607
11.522	-0.0014133	0.01067179
11.524	-0.0013911	0.01067841
11.526	-0.0012896	0.01058609
11.528	-0.0012732	0.01059112
11.53	-0.0012527	0.01059871
11.532	-0.0012313	0.01060313
11.534	-0.0010942	0.0104941
11.536	-0.0010627	0.01049778
11.538	-0.0011457	0.01064908
11.54	-0.001227	0.01148483
11.542	-0.0012415	0.01123502
11.544	-0.0011632	0.01092532
11.546	-0.0010647	0.0110462
11.548	-0.001064	0.01146268
11.55	-0.0010992	0.01283744
11.552	-0.0010016	0.0188584
11.554	0.01399801	0.09119139
11.556	0.00954183	0.06058845
11.558	-0.0010591	0.01682703
11.56	0.00020339	0.03147996
11.562	0.00079797	0.04256853
11.564	-0.0011468	0.01372868
11.566	-0.0012161	0.0123744
11.568	-0.0012179	0.01195461
11.57	-0.0011999	0.01158723
11.572	-0.0011738	0.01131664
11.574	-0.0011445	0.01113627
11.576	-0.001143	0.01104099
11.578	-0.0011378	0.01096888
11.58	-0.0012391	0.01100556
11.582	-0.0012502	0.01095935
11.584	-0.0011919	0.01088813
11.586	-0.0012097	0.01088442
11.588	-0.0012554	0.01092224
11.59	-0.0012648	0.01094631
11.592	-0.0012319	0.0109812
11.594	-0.0011811	0.01141428
11.596	-0.0011063	0.0110875
11.598	-0.0011326	0.01088674
11.6	-0.0010896	0.01084256
11.602	-0.0010794	0.01082683
11.604	-0.0010995	0.01086102
11.606	-0.0011273	0.01091603
11.608	-0.0011888	0.01098247
11.61	-0.0011968	0.01102546
11.612	-0.0012074	0.01102636
11.614	-0.0012168	0.01114637
11.616	-0.0012717	0.01118621
11.618	-0.001258	0.01118694
11.62	-0.0012455	0.01112783
11.622	-0.0013313	0.01121057
11.624	-0.0013589	0.01124895
11.626	-0.0014009	0.01133341
11.628	-0.0014212	0.01157282
11.63	-0.0013735	0.01165528
11.632	-0.0012919	0.01599132
11.634	-0.0012948	0.01303974
11.636	-0.0012977	0.01141677
11.638	-0.0013072	0.01146693
11.64	-0.0012104	0.01160549
11.642	-0.0011934	0.01137824
11.644	-0.0010963	0.01134644
11.646	-0.0007804	0.01475031
11.648	0.00013601	0.0246871
11.65	-0.0010963	0.01166322
11.652	-0.0011089	0.01139668
11.654	-0.0012057	0.01147382
11.656	-0.001121	0.01141792
11.658	-0.0011143	0.01140931
11.66	-0.001128	0.0115366
11.662	-0.0011445	0.01152787
11.664	-0.0011187	0.0115195
11.666	-0.0011118	0.01156602
11.668	-0.0011179	0.01159024
11.67	-0.0011022	0.01158717
11.672	-0.001099	0.01162493
11.674	-0.0011145	0.01171511
11.676	-0.0011201	0.01184915
11.678	-0.0011087	0.0118155
11.68	-0.0011137	0.01192506
11.682	-0.0011273	0.0121127
11.684	-0.0011432	0.01228967
11.686	-0.0011422	0.01238628
11.688	-0.0011382	0.01257239
11.69	-0.0011211	0.01290242
11.692	-0.0011129	0.01346599
11.694	-0.0011523	0.01461505
11.696	-0.0013706	0.01738123
11.698	-0.0014136	0.02633821
11.7	0.02304778	0.09489244
11.702	0.05058018	0.22278409
11.704	0.00063091	0.04838956
11.706	-0.0013971	0.02143954
11.708	-0.001325	0.01678524
11.71	-0.0013189	0.01531239
11.712	-0.0012232	0.01477415
11.714	-0.0011631	0.01505123
11.716	-0.0012105	0.01847916
11.718	-0.0002757	0.04481292
11.72	-0.0008896	0.0249535
11.722	-0.0011321	0.02236482
11.724	0.04746327	0.08636078
11.726	0.0253226	0.08152413
11.728	0.00581406	0.07874877
11.73	0.19109231	0.23216262
11.732	0.23714052	0.27353505
11.734	0.00260695	0.07262333
11.736	-0.0012603	0.03086677
11.738	-0.0014424	0.02142613
11.74	-0.0013157	0.0176992
11.742	-0.0012242	0.0158252
11.744	-0.0012172	0.01486354
11.746	-0.0013411	0.01444907
11.748	-0.0013839	0.0141646
11.75	-0.0012951	0.01487852
11.752	-0.0012593	0.01450155
11.754	-0.0013473	0.01388058
11.756	-0.0013251	0.0136244
11.758	-0.0013118	0.01378872
11.76	-0.0012979	0.0141875
11.762	-0.0011927	0.01482344
11.764	-0.0012275	0.01645325
11.766	-0.0012802	0.02118051
11.768	0.00052174	0.04613885
11.77	0.17629491	0.20219833
11.772	0.0809066	0.09702199
11.774	-0.0011653	0.02846111
11.776	-0.0013102	0.01835231
11.778	-0.0012912	0.01552933
11.78	-0.0012676	0.01430224
11.782	-0.0012632	0.01377274
11.784	-0.0011805	0.01337847
11.786	-0.0011395	0.01308447
11.788	-0.0011446	0.01295181
11.79	-0.0011538	0.01291611
11.792	-0.0011339	0.01280372
11.794	-0.0011413	0.01282193
11.796	-0.0011447	0.01290374
11.798	-0.0011538	0.01273446
11.8	-0.0011369	0.01279749
11.802	-0.0011303	0.01270559
11.804	-0.0011187	0.01266804
11.806	-0.0011142	0.01266983
11.808	-0.0011288	0.01262567
11.81	-0.0011438	0.01296418
11.812	-0.0011374	0.01365455
11.814	-0.0011791	0.01280275
11.816	-0.0011611	0.01284219
11.818	-0.0011304	0.01282201
11.82	-0.001174	0.01272429
11.822	-0.0011836	0.01314521
11.824	-0.0011743	0.0140202
11.826	-0.0011807	0.01337083
11.828	-0.001255	0.01285653
11.83	-0.0013009	0.0128559
11.832	-0.0014222	0.01309803
11.834	-0.0014313	0.01307943
11.836	-0.0014248	0.01306935
11.838	-0.0015357	0.01330317
11.84	-0.001558	0.01331397
11.842	-0.0015765	0.01329806
11.844	-0.0015767	0.01337282
11.846	-0.0015246	0.01334483
11.848	-0.0013297	0.01303339
11.85	-0.0012821	0.01301559
11.852	-0.0013666	0.01321939
11.854	-0.0013537	0.01323686
11.856	-0.0013432	0.01319097
11.858	-0.0013148	0.01317145
11.86	-0.0012438	0.01326505
11.862	-0.0012346	0.0135003
11.864	-0.0011587	0.01342326
11.866	-0.0010992	0.01327825
11.868	-0.0010862	0.01364465
11.87	-0.0011274	0.01374432
11.872	-0.001148	0.01448377
11.874	-0.0011938	0.01748231
11.876	-5.01E-05	0.03280276
11.878	0.00309945	0.08690683
11.88	-0.0007017	0.02673768
11.882	-0.0011304	0.01628869
11.884	-0.0011809	0.01524581
11.886	-0.0012167	0.01447281
11.888	-0.0012348	0.01464685
11.89	-0.0010956	0.01551988
11.892	-0.0011205	0.01446771
11.894	-0.0011689	0.01442215
11.896	-0.0011058	0.01486274
11.898	-0.0009587	0.0186287
11.9	-0.0001183	0.03999456
11.902	-0.0010773	0.02492501
11.904	0.00566581	0.0815356
11.906	0.03561603	0.19843242
11.908	0.02558983	0.08330746
11.91	-0.0011253	0.02522226
11.912	-0.0013788	0.01728734
11.914	-0.0014607	0.01582608
11.916	-0.0012617	0.01487229
11.918	-0.0011888	0.01431686
11.92	-0.0011054	0.01396022
11.922	-0.0011538	0.01396794
11.924	-0.0011756	0.0139956
11.926	-0.0012513	0.01412932
11.928	-0.0011714	0.01420006
11.93	-0.0012507	0.01412798
11.932	-0.0012382	0.01799357
11.934	-0.0012751	0.01563844
11.936	-0.0012296	0.01414056
11.938	-0.0012066	0.01430033
11.94	-0.0011974	0.0139295
11.942	-0.0011498	0.01377261
11.944	-0.0012372	0.01411394
11.946	-0.0012344	0.01389437
11.948	-0.0012227	0.01408345
11.95	-0.0012157	0.01433107
11.952	-0.0012895	0.01399969
11.954	-0.0012841	0.01424055
11.956	-0.0012905	0.01413179
11.958	-0.001288	0.01418486
11.96	-0.0012976	0.01447811
11.962	-0.0012878	0.01462164
11.964	-0.0012286	0.01502695
11.966	-0.0011408	0.01773147
11.968	-0.0009342	0.03226865
11.97	-0.0011078	0.01956154
11.972	-0.0011737	0.0150935
11.974	-0.0012124	0.01459856
11.976	-0.0011868	0.01457203
11.978	-0.0011773	0.01421312
11.98	-0.0011988	0.01425346
11.982	-0.0011894	0.01442471
11.984	-0.0012142	0.01456288
11.986	-0.0012094	0.0147423
11.988	-0.0012618	0.01442642
11.99	-0.0012751	0.01434061
11.992	-0.0012777	0.01435668
11.994	-0.0011832	0.01457734
11.996	-0.0011449	0.01456161
11.998	-0.0011142	0.01459975
12	-0.0010945	0.01429236
12.002	-0.0011079	0.01430305
12.004	-0.0011249	0.01453497
12.006	-0.0011319	0.01478298
12.008	-0.0011193	0.01551832
12.01	-0.0011308	0.01456364
12.012	-0.0011005	0.01440764
12.014	-0.0011055	0.01450602
12.016	-0.0011001	0.01496116
12.018	-0.0011002	0.01492502
12.02	-0.001096	0.01485242
12.022	-0.0010772	0.01450277
12.024	-0.0010805	0.01453227
12.026	-0.0011268	0.0149081
12.028	-0.0010992	0.01497963
12.03	-0.0011231	0.01567097
12.032	-0.0011871	0.015073
12.034	-0.0013018	0.01491883
12.036	-0.0013034	0.01533842
12.038	-0.0013181	0.01579048
12.04	-0.0012999	0.01541256
12.042	-0.0013377	0.01553116
12.044	-0.001254	0.01502043
12.046	-0.0012464	0.01517255
12.048	-0.0012909	0.01554406
12.05	-0.0012592	0.0153175
12.052	-0.0012516	0.01643413
12.054	-0.0012221	0.01651859
12.056	-0.0011724	0.01542617
12.058	-0.0012571	0.01632409
12.06	-0.0012442	0.01569499
12.062	-0.001258	0.01592258
12.064	-0.0012566	0.01691163
12.066	-0.0012335	0.01655402
12.068	-0.0012745	0.0176695
12.07	-0.001438	0.01850904
12.072	-0.0014157	0.01996638
12.074	-0.0012982	0.02362447
12.076	-0.0014873	0.02490636
12.078	-0.0012492	0.03136649
12.08	0.01622897	0.10751838
12.082	0.02335056	0.2857528
12.084	0.00749299	0.07828879
12.086	-0.0010413	0.02958429
12.088	-0.0010552	0.02666199
12.09	-0.0007908	0.04405754
12.092	-0.0010214	0.02471985
12.094	-0.0011391	0.01861465
12.096	-0.0010883	0.01710156
12.098	-0.001101	0.01831952
12.1	-0.0010888	0.01831863
12.102	-0.0010935	0.01716857
12.104	-0.0011209	0.01645603
12.106	-0.0011642	0.01650112
12.108	-0.0011404	0.01672246
12.11	-0.0011104	0.0174553
12.112	-0.0011471	0.01856022
12.114	-0.0011467	0.02077625
12.116	-0.0007998	0.03239874
12.118	0.04192943	0.15134879
12.12	0.03021258	0.10463166
12.122	-0.0011442	0.03085278
12.124	-0.0011572	0.02115683
12.126	-0.0011624	0.01783627
12.128	-0.0011578	0.01702771
12.13	-0.0012127	0.01704429
12.132	-0.0011595	0.01692663
12.134	-0.0011806	0.01680277
12.136	-0.0011434	0.01678284
12.138	-0.0011131	0.01621531
12.14	-0.0011312	0.01635371
12.142	-0.0011206	0.01735336
12.144	-0.0011266	0.01983393
12.146	-0.0011018	0.02028337
12.148	-0.0010619	0.01670907
12.15	-0.0010599	0.01628016
12.152	-0.0010873	0.01704912
12.154	-0.0011544	0.01793917
12.156	-0.0011944	0.01931052
12.158	-0.001032	0.01802713
12.16	-0.001055	0.01639616
12.162	-0.0010536	0.01664993
12.164	-0.0010944	0.01746545
12.166	-0.001137	0.01779395
12.168	-0.0011077	0.02405622
12.17	-0.0011759	0.01860963
12.172	-0.0012257	0.01672888
12.174	-0.0013006	0.01771059
12.176	-0.0013399	0.01704846
12.178	-0.0013523	0.01680378
12.18	-0.0013634	0.01748448
12.182	-0.0012997	0.01724998
12.184	-0.0012872	0.0174694
12.186	-0.0013106	0.01781444
12.188	-0.0013437	0.0174246
12.19	-0.0012514	0.02291548
12.192	-0.0012345	0.02375014
12.194	-0.0013267	0.01772024
12.196	-0.0013538	0.01806917
12.198	-0.0012971	0.01753481
12.2	-0.0012325	0.01710465
12.202	-0.0012545	0.01697832
12.204	-0.0012942	0.01723095
12.206	-0.0012841	0.0176953
12.208	-0.0011909	0.0185669
12.21	-0.001233	0.01739062
12.212	-0.0011908	0.01861529
12.214	-0.0010226	0.02981544
12.216	-0.0012037	0.0218994
12.218	-0.0012734	0.01844149
12.22	-0.0011965	0.01836022
12.222	-0.0011403	0.01736874
12.224	-0.0011281	0.01721918
12.226	-0.0011145	0.01765937
12.228	-0.001126	0.01780396
12.23	-0.0010784	0.01905562
12.232	-0.0011582	0.01801918
12.234	-0.0012026	0.0180142
12.236	-0.001019	0.02370359
12.238	-0.0007867	0.03469501
12.24	-0.0012435	0.01959064
12.242	-0.0011973	0.01934378
12.244	-0.0012832	0.01804463
12.246	-0.0012781	0.0179982
12.248	-0.0012014	0.02135784
12.25	-0.0012499	0.01936848
12.252	-0.0013012	0.01862054
12.254	-0.0012611	0.01968901
12.256	-0.0013427	0.01862969
12.258	-0.0013781	0.01993158
12.26	-0.0008791	0.03514664
12.262	-0.0008803	0.03678435
12.264	-0.0011634	0.02373048
12.266	-0.0012293	0.02091305
12.268	-0.0012267	0.02017092
12.27	-0.0011822	0.02246446
12.272	-0.0012412	0.02460786
12.274	-0.0011183	0.03466085
12.276	0.0262474	0.12811539
12.278	0.03077691	0.16679289
12.28	-0.0008476	0.04282367
12.282	-0.0011931	0.03368806
12.284	-0.0004381	0.05858462
12.286	0.04195589	0.12720421
12.288	0.06251043	0.19908502
12.29	-0.0003089	0.04131109
12.292	-0.0011536	0.02617125
12.294	-0.0011458	0.02254105
12.296	-0.0011788	0.02052122
12.298	-0.0011807	0.02017933
12.3	-0.0010725	0.02156927
12.302	-0.001153	0.02051914
12.304	-0.0011021	0.02165188
12.306	-0.0009242	0.02632235
12.308	0.00032304	0.05261409
12.31	-0.0011096	0.02438305
12.312	-0.0011965	0.02040767
12.314	-0.0011866	0.02037384
12.316	-0.0009813	0.02176653
12.318	-0.0011342	0.01916912
12.32	-0.0010852	0.01905662
12.322	-0.0010848	0.01910388
12.324	-0.0010686	0.02034614
12.326	-0.0010803	0.02083682
12.328	-0.0010478	0.02271565
12.33	-0.0005021	0.0331262
12.332	0.0002216	0.05414776
12.334	-0.0011974	0.02400564
12.336	-0.0012565	0.02149743
12.338	-0.001213	0.02153387
12.34	-0.0011401	0.02080652
12.342	-0.0011736	0.01968664
12.344	-0.0011554	0.01982481
12.346	-0.0011176	0.02134783
12.348	-0.0011921	0.02069362
12.35	-0.0011004	0.02260105
12.352	-0.0011631	0.02296885
12.354	0.00048268	0.04315449
12.356	0.00099772	0.05662036
12.358	-0.0012358	0.02614023
12.36	-0.0013188	0.02296692
12.362	-0.001175	0.02581002
12.364	-0.0012629	0.02587813
12.366	-0.0013036	0.0307645
12.368	-0.0010059	0.04754565
12.37	0.0211309	0.12216208
12.372	0.08031148	0.36910417
12.374	0.01561819	0.14615785
12.376	0.01723294	0.11835931
12.378	0.0004746	0.0664843
12.38	0.00122864	0.06220983
12.382	-0.0012246	0.02711071
12.384	-0.0012517	0.02391535
12.386	-0.0010847	0.026078
12.388	-0.0013137	0.02229504
12.39	-0.0011505	0.02449393
12.392	-0.0011677	0.02314134
12.394	-0.001279	0.02221439
12.396	-0.0011745	0.02914429
12.398	-0.0011173	0.02714636
12.4	-0.0012972	0.02546751
12.402	0.0014773	0.05954989
12.404	0.00130542	0.05705805
12.406	0.00222296	0.04748538
12.408	0.00094341	0.03476805
12.41	-0.000655	0.02666895
12.412	-0.0012383	0.02313339
12.414	-0.0011295	0.02469943
12.416	-0.001297	0.02198355
12.418	-0.0013188	0.02171408
12.42	-0.0013552	0.02215523
12.422	-0.0006522	0.0287588
12.424	-0.0012606	0.02711606
12.426	0.00168685	0.06356902
12.428	0.00177261	0.05870374
12.43	-0.0011998	0.02607957
12.432	-0.0011802	0.02447049
12.434	-0.0011179	0.02644291
12.436	-0.0011914	0.02743913
12.438	-0.0011775	0.03143927
12.44	-0.0012358	0.0367201
12.442	0.00130097	0.07108843
12.444	0.22710304	0.23966214
12.446	0.16823048	0.18023949
12.448	-0.0004223	0.06750449
12.45	0.00141223	0.08170653
12.452	0.03679075	0.145548
12.454	0.09395242	0.18655829
12.456	-0.0003872	0.0484981
12.458	-0.0011809	0.03000139
12.46	-0.001055	0.02808339
12.462	-0.001066	0.026544
12.464	-0.0012041	0.0240241
12.466	-0.0011848	0.02464625
12.468	-0.001128	0.02664753
12.47	-0.0012718	0.02445179
12.472	-0.0008004	0.02939748
12.474	0.00101246	0.05590353
12.476	0.00143932	0.06933008
12.478	-0.0010869	0.03106906
12.48	-0.0011396	0.0264914
12.482	-0.0012812	0.02415453
12.484	-0.0007775	0.02779579
12.486	-0.0008552	0.02718387
12.488	-0.0012379	0.02445335
12.49	-0.0009011	0.02877892
12.492	-0.0011747	0.02582776
12.494	-0.0012454	0.0261008
12.496	-0.0010433	0.03109705
12.498	0.00022748	0.05018946
12.5	0.00142049	0.0793214
12.502	-0.0009844	0.03860286
12.504	-0.0012692	0.03050098
12.506	-0.0012585	0.03135126
12.508	-0.0008571	0.03561862
12.51	-0.0007446	0.04102571
12.512	-0.0009577	0.04938087
12.514	0.08340779	0.12926868
12.516	0.05535725	0.12737727
12.518	0.11930772	0.11725536
12.52	0.32274183	0.37135772
12.522	1.31859439	0.27178106
12.524	0.75671497	0.28885007
12.526	0.02068042	0.19899009
12.528	-0.0004275	0.09151901
12.53	-0.0012104	0.06021484
12.532	-0.0012694	0.04946535
12.534	-0.0007519	0.05289036
12.536	0.00108174	0.0692357
12.538	0.02676466	0.21696829
12.54	0.01079123	0.09372254
12.542	-0.0015411	0.04281436
12.544	-0.0015107	0.03808921
12.546	-0.0007741	0.04683527
12.548	0.00020223	0.07725047
12.55	-0.000292	0.05534704
12.552	-0.0017246	0.04339674
12.554	-0.0017132	0.04222377
12.556	-0.001511	0.05096963
12.558	-0.0014098	0.0661541
12.56	0.00119431	0.11184918
12.562	0.09155577	0.2566787
12.564	1.48425484	0.21437424
12.566	0.53063434	0.26628638
12.568	0.00919769	0.16804567
12.57	-0.0008465	0.08241129
12.572	-0.0002493	0.07810966
12.574	0.00034751	0.06945268
12.576	-0.0014468	0.04014165
12.578	-0.0014329	0.03674665
12.58	-0.0014123	0.03657659
12.582	-0.0015457	0.03188876
12.584	-0.0013059	0.03412566
12.586	-0.0012165	0.03618109
12.588	-0.00155	0.03308783
12.59	-0.001358	0.04018241
12.592	-0.001167	0.0504956
12.594	0.04192289	0.11587342
12.596	0.2207649	0.34088255
12.598	0.01579057	0.12806781
12.6	-0.0010824	0.05139036
12.602	-0.0005636	0.04501442
12.604	-0.0010689	0.03798421
12.606	-0.0012301	0.04414809
12.608	-0.0012865	0.03926547
12.61	-0.0007495	0.04530135
12.612	-0.0012837	0.04379696
12.614	-0.0010481	0.05212947
12.616	-0.001145	0.05522695
12.618	-0.001007	0.06457047
12.62	-0.0004324	0.08051438
12.622	0.00163467	0.11739487
12.624	0.00251858	0.15310534
12.626	0.00193483	0.21311245
12.628	0.00386144	0.2374735
12.63	0.00535531	0.30936331
12.632	0.00581541	0.41358657
12.634	0.01743484	0.4407281
12.636	0.02438419	0.13441535
12.638	0.00024769	0.0572051
12.64	-0.0014263	0.03831219
12.642	-0.0015512	0.03361256
12.644	-0.0016253	0.03085373
12.646	-0.0001631	0.03601876
12.648	0.00039133	0.03552449
12.65	-0.0009418	0.03593365
12.652	-0.0014935	0.02915084
12.654	-0.0015553	0.02932503
12.656	-0.0015344	0.0291791
12.658	-0.0011933	0.03377049
12.66	0.00028013	0.04382642
12.662	-0.0009694	0.03643763
12.664	-0.001296	0.02964989
12.666	-0.0014373	0.02725518
12.668	-0.001262	0.02884887
12.67	-0.0010314	0.03082222
12.672	-0.0006135	0.03452684
12.674	-0.000279	0.03646546
12.676	-0.0011157	0.02950866
12.678	-0.0013935	0.02816396
12.68	-0.0009447	0.03102207
12.682	-0.0009176	0.03304247
12.684	-0.0012765	0.03792403
12.686	-0.0004613	0.0465339
12.688	-0.0007787	0.03247166
12.69	-0.0013959	0.02793143
12.692	-0.0011603	0.03291485
12.694	-0.0013123	0.03504436
12.696	-0.0013881	0.03542493
12.698	2.33E-05	0.03350755
12.7	0.00037527	0.03453588
12.702	-0.0014991	0.02996716
12.704	-0.0005008	0.03695567
12.706	-0.0012662	0.03090233
12.708	-0.001486	0.03248885
12.71	-0.0003358	0.05733951
12.712	0.00154925	0.0473434
12.714	-0.0014942	0.03188127
12.716	-0.0007585	0.03724739
12.718	-0.001503	0.03155938
12.72	-0.0016569	0.03141422
12.722	-0.001687	0.03423572
12.724	0.00070772	0.04432509
12.726	-0.0013235	0.03896988
12.728	-0.0009518	0.04266467
12.73	-0.0014	0.03865756
12.732	-0.0014846	0.03952036
12.734	-0.0010044	0.05301642
12.736	0.00042421	0.08586516
12.738	-0.0002992	0.06206061
12.74	-0.0006475	0.06851088
12.742	-0.0008	0.09085741
12.744	0.00786728	0.17362461
12.746	0.3767986	0.34255572
12.748	1.08858178	0.59401655
12.75	0.11897073	0.29896847
12.752	0.00166686	0.13705883
12.754	-0.0006906	0.07910902
12.756	-0.0014078	0.05695381
12.758	-0.0014905	0.04982305
12.76	0.00027201	0.072289
12.762	0.00115191	0.07938983
12.764	0.00101834	0.04843729
12.766	-0.0001054	0.03989094
12.768	-0.0013776	0.03537775
12.77	-0.0014086	0.03541791
12.772	-0.0011252	0.04038859
12.774	-0.0003116	0.04043231
12.776	0.00119208	0.04542856
12.778	0.0001029	0.03813776
12.78	-0.0014123	0.0325911
12.782	-0.001312	0.03380185
12.784	-0.0008185	0.04222219
12.786	-4.05E-06	0.07042546
12.788	0.00639769	0.06820737
12.79	0.00217777	0.04317257
12.792	-0.0014352	0.0328949
12.794	-0.0013365	0.03540371
12.796	-0.0010897	0.0385105
12.798	-0.0014178	0.03302586
12.8	-0.000274	0.03862474
12.802	0.00167343	0.05076566
12.804	-0.0014202	0.03381897
12.806	-0.0011817	0.03545238
12.808	-0.0007835	0.04019222
12.81	-0.0013493	0.03961531
12.812	0.00018245	0.07670695
12.814	0.00353973	0.0555063
12.816	0.00041156	0.03862442
12.818	-0.0010334	0.0402122
12.82	-0.0007628	0.04274862
12.822	-0.0014641	0.03454845
12.824	-0.0014971	0.03772339
12.826	0.00121469	0.04637832
12.828	0.00269899	0.05895575
12.83	0.02309439	0.11350034
12.832	0.15565698	0.33895617
12.834	0.0185643	0.10883261
12.836	-0.0012324	0.06013012
12.838	0.00043362	0.0900366
12.84	0.00403605	0.06678905
12.842	-0.0008189	0.04916378
12.844	7.13E-05	0.0535501
12.846	-0.0013547	0.04085513
12.848	-0.0012839	0.0424905
12.85	-0.0013751	0.04006566
12.852	0.00146123	0.04943791
12.854	0.00077543	0.04729745
12.856	0.00014876	0.04900534
12.858	-0.0013807	0.04081823
12.86	-0.001414	0.04438371
12.862	-0.0007716	0.0588249
12.864	0.00124427	0.10752328
12.866	0.00175867	0.10608556
12.868	0.05950727	0.20441921
12.87	0.68580218	0.44872053
12.872	0.1720799	0.21588119
12.874	0.00027951	0.09778207
12.876	-0.0004692	0.0680361
12.878	0.00135136	0.06073822
12.88	0.00240568	0.05956505
12.882	-0.0002964	0.04836045
12.884	-0.0014438	0.04330279
12.886	-0.0011729	0.04639693
12.888	0.00021968	0.06759575
12.89	0.00049769	0.11327961
12.892	0.03740819	0.18696874
12.894	0.21112598	0.46872767
12.896	0.04277679	0.15949189
12.898	-0.0009204	0.06892716
12.9	-0.0007638	0.05498609
12.902	-0.0015276	0.04682929
12.904	0.00185005	0.05017065
12.906	0.00552779	0.06188549
12.908	-0.0014354	0.03810781
12.91	-0.0007528	0.03997682
12.912	0.00055799	0.0485758
12.914	-0.0011328	0.05942368
12.916	-0.0002417	0.07742692
12.918	0.00485352	0.07378937
12.92	0.00107791	0.05816365
12.922	-0.0011038	0.03974385
12.924	-9.06E-05	0.04570863
12.926	-0.0014071	0.04124687
12.928	-0.0015	0.03939656
12.93	0.00196679	0.04344788
12.932	0.00964322	0.06283085
12.934	-0.0009286	0.04114308
12.936	0.00133887	0.06151946
12.938	-0.0014571	0.0411469
12.94	-0.0013745	0.04650074
12.942	-0.0003254	0.07195571
12.944	0.00654686	0.0748711
12.946	0.00046473	0.05286569
12.948	0.00280596	0.05197479
12.95	-0.0016616	0.03953452
12.952	-0.0017938	0.04368821
12.954	-0.0017228	0.04118783
12.956	0.00292632	0.05253053
12.958	0.00614216	0.07639548
12.96	9.55E-05	0.06869326
12.962	-0.0008793	0.0507587
12.964	-0.0009263	0.05894832
12.966	-0.0009723	0.07206676
12.968	-0.0007899	0.07991269
12.97	0.00481089	0.10087873
12.972	0.0012915	0.06287354
12.974	-0.0006584	0.05030421
12.976	-0.0015614	0.05330623
12.978	-0.0016841	0.04977523
12.98	-0.0010349	0.05636196
12.982	0.00217556	0.08892338
12.984	0.0378582	0.13067831
12.986	0.11961755	0.2855305
12.988	0.00418562	0.08635652
12.99	-0.0016685	0.05458449
12.992	-0.0013874	0.05398704
12.994	-0.0004787	0.08332228
12.996	0.00611175	0.11002096
12.998	0.00609258	0.07942764
13	-0.0013033	0.06765479
13.002	0.00100485	0.11230171
13.004	0.19787575	0.29561973
13.006	0.17475105	0.25027241
13.008	0.00014206	0.09197849
13.01	0.01302569	0.08711794
13.012	0.00155583	0.05673995
13.014	-0.0016551	0.04580937
13.016	0.00030696	0.0527581
13.018	-0.0002503	0.05078086
13.02	0.00135945	0.07783632
13.022	0.00512189	0.10878081
13.024	0.01173748	0.07611266
13.026	-0.0010966	0.07232206
13.028	0.00333906	0.10586819
13.03	0.00211375	0.06681849
13.032	0.00161861	0.062831
13.034	0.00471532	0.07946253
13.036	0.01026983	0.06519543
13.038	0.00990377	0.05761552
13.04	-8.92E-05	0.0492138
13.042	0.0001558	0.05164403
13.044	-0.0016144	0.04783943
13.046	0.00284614	0.0815089
13.048	0.0054633	0.11934884
13.05	0.0103653	0.10483804
13.052	0.00633149	0.1570415
13.054	0.00158521	0.07474542
13.056	-0.0015751	0.04605927
13.058	-0.001555	0.04308306
13.06	-0.0015599	0.04307333
13.062	0.00474151	0.05628646
13.064	0.01128009	0.06706313
13.066	0.00383379	0.06282938
13.068	-0.0014302	0.05316392
13.07	-0.0015694	0.05213451
13.072	0.00389864	0.09185835
13.074	0.00524428	0.15422124
13.076	0.02730476	0.21202132
13.078	0.00912032	0.12533694
13.08	9.06E-05	0.06817369
13.082	-0.0006773	0.05926002
13.084	-0.0010302	0.05454356
13.086	-0.0006344	0.05573582
13.088	0.00302898	0.06239182
13.09	0.0057801	0.08251959
13.092	0.0010806	0.06404948
13.094	-0.0010157	0.0554423
13.096	-0.0014246	0.05747235
13.098	0.00713596	0.100431
13.1	0.01527014	0.26393316
13.102	0.01985713	0.22590708
13.104	0.0125841	0.09647023
13.106	-0.0016037	0.05451401
13.108	-0.0015067	0.05079358
13.11	-0.001519	0.04927066
13.112	-0.0010143	0.0546655
13.114	-0.0012508	0.05411992
13.116	0.01205359	0.08563271
13.118	0.00072552	0.05651814
13.12	-0.0015408	0.05336544
13.122	-0.0006848	0.06513805
13.124	0.01908873	0.17592468
13.126	0.00990378	0.31173995
13.128	0.03077107	0.23811118
13.13	0.02043329	0.10521912
13.132	-0.0015657	0.06143314
13.134	-0.0014041	0.05754444
13.136	0.0014752	0.0618721
13.138	-0.0011703	0.0546101
13.14	-0.0015178	0.05360857
13.142	0.01580618	0.07307775
13.144	0.0147417	0.08500892
13.146	-0.0006721	0.08912952
13.148	0.00927654	0.12744345
13.15	0.00804254	0.2467691
13.152	0.06169847	0.33867198
13.154	0.07858563	0.24724571
13.156	0.00823961	0.10895712
13.158	0.00532764	0.07608521
13.16	0.00254701	0.06780843
13.162	-0.0003424	0.06503441
13.164	-0.0015438	0.05732463
13.166	-0.001649	0.05558751
13.168	0.00370623	0.06648387
13.17	0.0070607	0.07914959
13.172	0.00868136	0.10037507
13.174	0.01951995	0.19504019
13.176	0.00683224	0.15129529
13.178	0.19048874	0.26129875
13.18	0.16728395	0.22845731
13.182	0.00637357	0.11662783
13.184	0.00875435	0.08686735
13.186	0.00939827	0.08177036
13.188	-0.0015768	0.06432685
13.19	-0.0013542	0.0684786
13.192	-0.0017743	0.05823447
13.194	0.00122242	0.06673017
13.196	0.01407047	0.10918243
13.198	0.0261422	0.1569898
13.2	0.03232085	0.26998051
13.202	0.00538067	0.19560508
13.204	0.29103256	0.37729372
13.206	0.2458944	0.37112788
13.208	0.0081803	0.1746781
13.21	0.0156196	0.15175917
13.212	0.00280935	0.09848882
13.214	-0.0003638	0.09084626
13.216	-0.0001274	0.09196388
13.218	-0.0012653	0.07782425
13.22	-0.0013817	0.07817611
13.222	0.00819102	0.10630711
13.224	0.02206771	0.19111559
13.226	0.02155404	0.24215968
13.228	0.05610621	0.30222975
13.23	0.40519329	0.39914629
13.232	0.24527713	0.47839042
13.234	0.02367766	0.1972124
13.236	0.01999922	0.13821062
13.238	0.00612715	0.09442468
13.24	-0.0012575	0.0903907
13.242	-0.0003652	0.1011323
13.244	-0.0011833	0.09838909
13.246	-0.0011785	0.11554524
13.248	0.01511837	0.20031237
13.25	0.55368569	0.31428525
13.252	1.06410206	0.36040149
13.254	0.03312171	0.38567427
13.256	0.57467946	0.37643914
13.258	0.43683705	0.44166876
13.26	0.03124893	0.36006293
13.262	0.01415504	0.24176731
13.264	0.25894185	0.46224191
13.266	0.12301781	0.25189481
13.268	0.00165587	0.12527256
13.27	-0.0016695	0.09633507
13.272	-0.0017136	0.09116236
13.274	-0.0003509	0.09965107
13.276	0.03063139	0.20558947
13.278	0.02863143	0.26821769
13.28	0.01173063	0.21837538
13.282	0.61633128	0.2744042
13.284	0.84845108	0.35152032
13.286	0.02147224	0.37521803
13.288	0.02447709	0.22874744
13.29	0.0101185	0.14054464
13.292	0.18280346	0.18307675
13.294	0.23070839	0.16524679
13.296	-0.0013546	0.10252672
13.298	-0.0016596	0.09607241
13.3	-0.0010538	0.10753391
13.302	0.02264748	0.16927296
13.304	0.02462777	0.28692513
13.306	0.01719815	0.24652676
13.308	0.4694046	0.38572082
13.31	1.44223304	0.36335797
13.312	0.09509157	0.37907659
13.314	0.01220698	0.32359239
13.316	0.01532355	0.19242768
13.318	0.01017976	0.16182897
13.32	0.00972278	0.14605572
13.322	0.01277513	0.14428244
13.324	0.00357742	0.12476345
13.326	0.00605859	0.13620665
13.328	0.00643056	0.16178453
13.33	0.06212272	0.30481405
13.332	0.01581144	0.30586287
13.334	0.26402741	0.45351003
13.336	1.86143348	0.5315441
13.338	0.41363608	0.42045691
13.34	0.00635601	0.29891657
13.342	0.01848229	0.2932311
13.344	0.02708806	0.20321645
13.346	0.00103485	0.12901363
13.348	-0.0014858	0.1173276
13.35	-0.0012198	0.11915743
13.352	-0.001024	0.12900434
13.354	-0.000639	0.15491627
13.356	0.01377623	0.25401221
13.358	0.03941674	0.45010862
13.36	0.19539685	0.59774835
13.362	2.15070598	0.44703802
13.364	1.4214486	0.53537997
13.366	0.10492919	0.47313613
13.368	0.00216763	0.30306546
13.37	0.01772859	0.30208958
13.372	0.01752781	0.19310053
13.374	0.00132065	0.13836671
13.376	-0.0017019	0.12770375
13.378	-0.0016593	0.12821167
13.38	-0.0014451	0.14064372
13.382	7.63E-06	0.17975099
13.384	0.04141196	0.33602324
13.386	0.03087257	0.52024271
13.388	0.72306561	0.60678521
13.39	2.60359895	0.59929287
13.392	0.3974341	0.53801039
13.394	0.01419306	0.32347899
13.396	0.00833851	0.24411661
13.398	0.01985226	0.25560025
13.4	0.02296936	0.17350418
13.402	0.01155579	0.14381689
13.404	-0.0016067	0.13807442
13.406	-0.0014283	0.14929106
13.408	0.00027541	0.18694152
13.41	0.02313567	0.26710941
13.412	0.0143647	0.48909409
13.414	0.24980438	0.61840225
13.416	2.40701777	0.47510358
13.418	1.58993253	0.57473727
13.42	0.12270168	0.5500605
13.422	0.00224745	0.35767914
13.424	0.13062342	0.39529259
13.426	1.30287482	0.37065755
13.428	0.21637308	0.3304304
13.43	0.0215321	0.26210512
13.432	-0.0013404	0.19307546
13.434	-0.0006625	0.21240057
13.436	0.31888056	0.24106275
13.438	0.3743582	0.46709099
13.44	0.04874133	0.57877622
13.442	0.88017193	0.74905946
13.444	3.37664589	1.17201532
13.446	0.84455336	0.75089721
13.448	0.06301827	0.53455618
13.45	0.01316009	0.34459486
13.452	0.02652516	0.30570959
13.454	0.01462219	0.2318203
13.456	0.00647755	0.20875498
13.458	0.02433207	0.22620652
13.46	0.02091728	0.26560969
13.462	0.00645104	0.27771798
13.464	0.01050827	0.42498783
13.466	0.04004557	0.49936744
13.468	0.47426128	0.73030091
13.47	2.91217002	0.86413415
13.472	3.0644594	0.98425209
13.474	0.5332595	0.84508791
13.476	0.02724382	0.60841601
13.478	0.0018378	0.48044056
13.48	0.09712549	0.59796895
13.482	1.35583187	0.67066456
13.484	0.5941273	3.7417623
13.486	0.41420589	2.55534649
13.488	0.19061589	1.86703641
13.49	0.14290441	1.48397035
13.492	0.09148716	1.16385425
13.494	0.09713614	1.14540502
13.496	0.43634731	1.42339861
13.498	3.13586139	1.30714111
13.5	2.13542294	1.92133535
13.502	0.61862963	2.4667526
13.504	1.29446909	0.74546808
13.506	0.08651205	0.64384138
13.508	0.02087204	0.49912692
13.51	0.04271818	0.50961703
13.512	0.04139799	0.40224403
13.514	0.00175125	0.34954754
13.516	0.03227571	0.38176313
13.518	0.04756378	0.51501494
13.52	0.0074862	0.49027014
13.522	0.05941344	0.71768313
13.524	0.90499204	0.93948531
13.526	3.94925201	1.26631881
13.528	2.21358749	0.98082409
13.53	0.29819407	0.86609898
13.532	0.02192413	0.55420545
13.534	0.00291359	0.38254724
13.536	0.0109013	0.33152411
13.538	0.02910088	0.38065892
13.54	0.01964022	0.44459305
13.542	0.0001039	0.3374209
13.544	0.03184455	0.46608362
13.546	0.01564563	0.45873266
13.548	0.01014442	0.50654609
13.55	0.10174706	0.76221361
13.552	0.97183233	1.09524145
13.554	4.44042507	1.38429552
13.556	2.152774	1.12212568
13.558	0.31250405	0.93528596
13.56	0.02723618	0.59001781
13.562	0.01368727	0.42385218
13.564	0.01331423	0.3458112
13.566	0.00682646	0.3473622
13.568	0.089309	0.4872126
13.57	0.0428644	0.51799184
13.572	0.06092538	0.55151395
13.574	0.03474881	0.47489805
13.576	0.04508091	0.55990414
13.578	0.1288596	0.83738474
13.58	1.01008203	1.17499895
13.582	4.56103835	1.4414363
13.584	2.45698792	1.16494027
13.586	0.39299705	1.02635611
13.588	0.04268432	0.66440549
13.59	0.01951663	0.48213963
13.592	0.00913728	0.37997328
13.594	0.00025912	0.32463125
13.596	0.00463026	0.35084771
13.598	0.09702426	0.59451603
13.6	0.050186	0.5439593
13.602	0.00285077	0.43598735
13.604	0.0301686	0.58185848
13.606	0.09208966	0.85232879
13.608	0.90270583	1.18068952
13.61	4.00625492	1.53087936
13.612	3.05469943	1.46350154
13.614	0.65472367	1.11182009
13.616	0.06356038	0.74954326
13.618	0.01334885	0.52941056
13.62	0.01443668	0.4242773
13.622	-0.0007171	0.3425005
13.624	0.00188525	0.34361056
13.626	0.05002843	0.4859348
13.628	0.04111444	0.71000082
13.63	0.00797795	0.48242414
13.632	0.0228623	0.56899276
13.634	0.06891776	0.83198337
13.636	0.61657312	1.19087183
13.638	3.21671307	1.42117629
13.64	4.21276405	1.79484768
13.642	1.02177422	1.21922775
13.644	0.11012164	0.88528483
13.646	0.01556376	0.60064971
13.648	0.03644212	0.47522151
13.65	0.00178833	0.36815238
13.652	0.01000054	0.37519253
13.654	0.02779407	0.4645485
13.656	0.0165971	0.53732485
13.658	0.06868528	0.63041612
13.66	0.00881182	0.59886959
13.662	0.05839566	0.72931573
13.664	0.32474216	1.15759329
13.666	2.14813928	1.36703527
13.668	5.10715739	2.98479722
13.67	1.70839122	1.57868426
13.672	0.31300309	1.05312799
13.674	0.02757397	0.72543341
13.676	0.00238486	0.56426498
13.678	0.03067804	0.63024144
13.68	0.63681055	0.67907081
13.682	1.35261613	1.05191361
13.684	0.17987503	0.72041217
13.686	0.01488849	0.58473599
13.688	0.11270394	0.80048404
13.69	0.03839618	0.83368281
13.692	0.20227721	0.99469949
13.694	1.14681011	1.47938786
13.696	4.64878134	1.93018323
13.698	2.61483213	1.81795497
13.7	0.62327124	1.45008297
13.702	0.14953209	0.84895374
13.704	0.04236847	0.64936262
13.706	0.03976381	0.50616378
13.708	0.08643098	0.56120713
13.71	0.22274294	0.95564776
13.712	0.26876167	1.13113401
13.714	0.95488419	0.78911102
13.716	0.05746228	0.67365948
13.718	0.04029163	0.66923074
13.72	0.045571	1.02078397
13.722	0.38564142	1.28499453
13.724	2.41636231	1.40197907
13.726	4.75232819	1.99575809
13.728	1.14391271	1.47451016
13.73	0.1830517	1.19509139
13.732	0.05684519	0.65793649
13.734	0.00829324	0.5032575
13.736	0.01263189	0.46804155
13.738	0.00975074	0.39097068
13.74	0.01764886	0.4935137
13.742	0.00855276	0.42608638
13.744	0.006869	0.37857901
13.746	0.0157635	0.4666544
13.748	0.03174532	0.57620832
13.75	0.17204394	0.97376606
13.752	0.6209136	1.49879721
13.754	3.75907794	1.44186734
13.756	2.6770602	1.32560011
13.758	0.45867577	1.1775077
13.76	0.05827289	0.92452762
13.762	0.0262726	0.53469198
13.764	-0.0002216	0.41302745
13.766	0.02176678	0.4327173
13.768	0.02954763	0.50006215
13.77	0.0200716	0.45879284
13.772	-0.0004945	0.35206843
13.774	0.00589241	0.36407656
13.776	0.03511592	0.43632908
13.778	0.01792037	0.54984556
13.78	0.13325981	0.84444517
13.782	1.38763164	1.04323405
13.784	3.8436256	2.49060652
13.786	1.42113721	1.12119318
13.788	0.15027497	0.90351462
13.79	0.02040847	0.75357686
13.792	0.03227384	0.51679829
13.794	0.00396322	0.38450581
13.796	-0.0010904	0.38082039
13.798	0.07278118	0.52952937
13.8	0.05817097	0.44151553
13.802	-0.0018847	0.33936211
13.804	0.01241776	0.37043788
13.806	0.03002885	0.44764216
13.808	0.01936148	0.56469639
13.81	0.09594956	0.83082105
13.812	1.19295413	1.0166236
13.814	3.27529203	1.08678734
13.816	0.62600211	0.98734794
13.818	0.05096898	0.78873832
13.82	0.04973067	0.7415012
13.822	0.05590357	0.59073249
13.824	0.03303614	0.52062944
13.826	0.07280234	0.48633774
13.828	0.05204152	0.48392895
13.83	0.15943041	0.71087218
13.832	0.11663337	0.5794192
13.834	0.05069343	0.51362377
13.836	0.02336584	0.52886827
13.838	0.04918514	0.62492606
13.84	0.11322088	0.94657408
13.842	0.63183301	1.04041629
13.844	1.32877575	1.20177202
13.846	0.13773422	1.04287875
13.848	0.0259574	0.82280826
13.85	0.03703756	0.88878307
13.852	0.00957295	1.01589939
13.854	0.02573183	1.10005381
13.856	0.03068415	1.17936024
13.858	0.29089873	1.49715253
13.86	0.1867524	2.56052299
13.862	0.50654753	3.22942917
13.864	0.17715302	3.51005917
13.866	0.28266271	4.06339684
13.868	0.65791609	5.04955602
13.87	12	12
13.872	12	12
13.874	12	12
13.876	12	12
13.878	12	12
13.88	12	12
13.882	12	12
13.884	12	12
13.886	12	12
13.888	12	12
13.89	12	12
13.892	12	12
13.894	12	12
13.896	12	12
13.898	41.0436893	-31.934289
13.9	42.2090274	-31.564406
13.902	36.1734977	-27.042832
13.904	1.31855991	4.52058547
13.906	2.31446858	2.91754025
13.908	0.86101474	3.15489005
13.91	1.08194905	2.57248109
13.912	0.95459619	2.59583468
13.914	0.63752256	2.25260757
13.916	1.69397911	2.23170838
13.918	2.39846246	3.65622399
13.92	2.3121509	1.61610673
13.922	0.24020837	2.10050788
13.924	0.27684195	1.93457502
13.926	1.43649012	1.47402752
13.928	0.45788371	0.93296909
13.93	0.09744133	0.97695717
13.932	0.12463699	0.8565663
13.934	0.0329419	0.82962297
13.936	0.04616805	0.73116776
13.938	0.08103676	0.7700596
13.94	0.02804333	0.72072984
13.942	0.08204489	0.80989215
13.944	0.07476158	1.13331074
13.946	0.63205827	1.2855148
13.948	2.95744129	1.64652411
13.95	3.35964361	1.61740588
13.952	0.60325123	1.58425178
13.954	0.11420673	1.16703728
13.956	0.24844225	1.09697369
13.958	1.94033081	1.06731755
13.96	0.42941402	0.95751451
13.962	0.11920804	0.88854349
13.964	0.01326504	0.70690319
13.966	0.0270739	0.73431166
13.968	0.01901292	0.61057748
13.97	0.01781045	0.60597988
13.972	0.08567237	0.70975321
13.974	0.06906134	0.8709475
13.976	0.28974168	1.35038801
13.978	2.02654763	1.5101831
13.98	4.99706789	3.04169414
13.982	1.50425465	1.54718905
13.984	0.20256929	1.36226916
13.986	0.05089038	1.09504481
13.988	0.32545633	1.17703557
13.99	2.65744099	1.02856233
13.992	0.72920428	1.76194164
13.994	0.21740848	1.00138886
13.996	0.06321822	0.93372525
13.998	0.03595795	0.67022317
