15	3.78E-11	12	12
15.02	3.78E-11	12	12
15.04	3.78E-11	12	12
15.06	3.78E-11	12	12
15.08	3.78E-11	12	12
15.1	3.78E-11	12	12
15.12	3.78E-11	12	12
15.14	3.78E-11	12	12
15.16	3.78E-11	12	12
15.18	3.78E-11	12	12
15.2	3.78E-11	12	12
15.22	3.78E-11	12	12
15.24	3.78E-11	12	12
15.26	3.78E-11	12	12
15.28	3.78E-11	12	12
15.3	3.78E-11	12	12
15.32	3.78E-11	12	12
15.34	3.78E-11	12	12
15.36	3.78E-11	12	12
15.38	3.78E-11	12	12
15.4	3.78E-11	12	12
15.42	3.78E-11	12	12
15.44	3.78E-11	12	12
15.46	3.78E-11	12	12
15.48	3.78E-11	12	12
15.5	3.78E-11	12	12
15.52	3.78E-11	12	12
15.54	3.78E-11	12	12
15.56	3.78E-11	12	12
15.58	3.78E-11	12	12
15.6	3.78E-11	12	12
15.62	3.78E-11	12	12
15.64	3.78E-11	12	12
15.66	3.78E-11	12	12
15.68	0.00031567	1.95011289	6.11070945
15.7	0.00055615	1.21475985	6.27972073
15.72	0.00170956	1.64841448	4.72310248
15.74	0.00207693	2.81323892	3.36362388
15.76	0.00446539	1.6221972	3.78920129
15.78	0.00348234	2.6438865	3.01616292
15.8	0.00567268	1.69317199	3.47892097
15.82	0.00975643	2.56853477	2.06129385
15.84	0.0168803	1.44377246	2.6378355
15.86	0.01623021	1.9104322	2.21044851
15.88	0.03007431	1.19286304	2.31122106
15.9	0.02964158	1.3540411	2.1645361
15.92	0.05659872	1.28686832	1.58490052
15.94	0.05831191	1.42996196	1.41198697
15.96	0.06776211	1.4710777	1.22067437
15.98	0.05334953	2.14433686	0.78655333
16	0.10252109	1.6254061	0.65228068
16.02	0.10177298	1.36490547	0.92010513
16.04	0.27256816	0.75628639	0.54358019
16.06	0.1641505	1.36142888	0.4455427
16.08	0.36928677	0.51476194	0.48141983
16.1	0.18296986	1.4336421	0.26479172
16.12	0.30512331	0.68878554	0.49825375
16.14	0.23828298	0.84474951	0.58954681
16.16	0.15867159	0.62450568	1.21641301
16.18	0.01206429	3.72763196	0.68987366
16.2	0.00016235	5.9655201	2.76025248
16.22	0.00296232	2.54062321	3.28115975
16.24	0.076645	2.41367476	0.15489613
16.26	0.31799		0.2750167	0.87071866
16.28	0.26422374	0.71310037	0.61785866
16.3	0.33283437	0.44355769	0.6565526
16.32	0.14443117	1.3506716	0.58428062
16.34	0.40900705	0.3468071	0.54721577
16.36	0.32267444	0.64651837	0.484593
16.38	0.37576725	0.39765624	0.58112911
16.4	0.34707663	0.56599606	0.49221362
16.42	0.3416766	0.4852454	0.58864519
16.44	0.39413553	0.48662192	0.44443854
16.46	0.29407319	0.636384	0.58754259
16.48	0.45172375	0.33977165	0.4549128
16.5	0.29272807	0.7272265	0.50128469
16.52	0.52000274	0.19163362	0.46228759
16.54	0.18017215	1.48749168	0.22635081
16.56	0.50665384	0.21285741	0.46706986
16.58	0.30163239	0.85244726	0.34609899
16.6	0.58685763	0.10179128	0.43118175
16.62	0.34349626	0.7516406	0.31693845
16.64	0.51999265	0.21265494	0.44128565
16.66	0.24098069	1.14521825	0.2778202
16.68	0.44881803	0.44329077	0.35784699
16.7	0.51090393	0.32546469	0.34610902
16.72	0.42619485	0.45551922	0.39733943
16.74	0.29407772	1.07636972	0.14754147
16.76	0.22390296	0.90089119	0.59565135
16.78	0.55218059	0.08437688	0.50950325
16.8	0.18599697	1.52588469	0.1561402
16.82	0.42449118	0.5073443	0.34951976
16.84	0.43022574	0.44600739	0.39743785
16.86	0.52698219	0.15670397	0.48388454
16.88	0.24420098	0.94727475	0.46248894
16.9	0.03235521	3.25956038	0.17141974
16.92	0.3269003	0.46954639	0.64855364
16.94	0.4365869	0.34592185	0.48284599
16.96	0.42519763	0.25223009	0.60297112
16.98	0.23488721	1.39290655	0.05574328
17	0.75102727	0.0845373	0.20177601
17.02	0.6600584	0.19920288	0.21622409
17.04	0.70572693	0.11914778	0.22937912
17.06	0.72249182	0.09453277	0.23051642
17.08	0.63111701	0.16219308	0.29807092
17.1	0.36888143	0.81938446	0.17789556
17.12	0.54457842	0.30525921	0.30248412
17.14	0.81555811	0.01331725	0.19056534
17.16	0.68091238	0.10934311	0.27497853
17.18	0.69094157	0.0608424	0.30885762
17.2	0.34813658	0.87360916	0.18155124
17.22	0.04502533	3.41975279	-0.3192228
17.24	0.50146516	0.36368734	0.32653381
17.26	0.67032162	0.08036224	0.31963541
17.28	0.7916567	0.01449106	0.21913638
17.3	0.7518832	0.023694	0.26148028
17.32	0.73568516	0.0205643	0.28638873
17.34	0.4512508	0.41849986	0.37723213
17.36	0.11411741	1.89578602	0.27474146
17.38	0.5515246	0.20827475	0.3867941
17.4	0.70192008	0.07152706	0.28240867
17.42	0.82342033	0.01988349	0.17440499
17.44	0.83585531	0.01015663	0.16914312
17.46	0.82708648	0.01231946	0.17752656
17.48	0.81041479	0.01044718	0.1997619
17.5	0.48376088	0.53269257	0.19347198
17.52	0.66070151	0.13896938	0.27548373
17.54	0.58565098	0.11300022	0.42203105
17.56	0.12434196	1.87728606	0.20743369
17.58	0.24481627	0.93368529	0.47356199
17.6	0.53777404	0.03619975	0.58411705
17.62	0.19874592	1.18587575	0.42985231
17.64	0.21924463	1.25815517	0.25941199
17.66	0.67643358	0.04744756	0.34347346
17.68	0.81852264	-0.0007749	0.20102915
17.7	0.84495454	-0.0001524	0.16862483
17.72	0.80625513	0.00409294	0.2112621
17.74	0.55153343	0.37913321	0.21591961
17.76	0.32450987	0.95100905	0.17443026
17.78	0.80131508	0.02111708	0.20038397
17.8	0.89046847	-0.0017154	0.11772303
17.82	0.89939394	-0.0022523	0.10828648
17.84	0.88373428	0.00094136	0.12265749
17.86	0.87335471	0.00304792	0.13236558
17.88	0.89677717	0.00021918	0.10872869
17.9	0.88332026	0.00609731	0.11797013
17.92	0.89694351	0.00047954	0.10828286
17.94	0.71300086	0.1661237	0.17214895
17.96	0.78604587	0.12690449	0.11383565
17.98	0.88034658	-0.0020374	0.12947699
18	0.82491732	0.00698187	0.18549024
18.02	0.38602566	0.80529184	0.14655961
18.04	0.40161377	0.75450134	0.15776309
18.06	0.8323494	0.00639942	0.17710355
18.08	0.8861784	-0.0028064	0.12364335
18.1	0.76800048	0.12805389	0.13591103
18.12	0.84093276	0.05400506	0.11923852
18.14	0.87158283	5.9419E-05	0.13738495
18.16	0.66396486	0.14285472	0.26667133
18.18	0.23381829	1.3338372	0.11937382
18.2	0.64979949	0.1866036	0.24448783
18.22	0.81218904	-0.0017188	0.20974091
18.24	0.55274835	0.37610715	0.2167453
18.26	0.30234018	0.89474967	0.3014528
18.28	0.53783376	0.11291451	0.50729126
18.3	0.11729863	1.89644629	0.2465859
18.32	0.13642174	0.78108672	1.21091742
18.34	0.08349437	2.04009011	0.44288594
18.36	0.48539075	0.23917716	0.48362387
18.38	0.76010743	0.01784084	0.25645466
18.4	0.84937143	-0.0010376	0.1642963
18.42	0.87195654	-0.000685	0.13770068
18.44	0.86390869	-0.0007353	0.14702351
18.46	0.77866192	0.06181087	0.18836745
18.48	0.31726911	1.00633292	0.14167202
18.5	0.704288	0.13424455	0.21632337
18.52	0.85597635	0.02929374	0.1262188
18.54	0.84235471	0.05805074	0.11350334
18.56	0.90948893	-0.0021509	0.09702334
18.58	0.87338547	0.00304784	0.13233044
18.6	0.85446804	0.00083264	0.15644354
18.62	0.68168752	0.09091539	0.29226852
18.64	0.20725548	1.33346363	0.24033942
18.66	0.30959463	0.86910624	0.30338524
18.68	0.75052628	0.02965816	0.25732245
18.7	0.82851437	0.02013771	0.16798338
18.72	0.73239071	0.14213461	0.16930654
18.74	0.86967458	0.00650457	0.13313161
18.76	0.88700035	0.00045263	0.11945727
18.78	0.85239323	0.01575495	0.14395238
18.8	0.90833235	-0.0022685	0.09841348
18.82	0.912793	-0.002286	0.09353219
18.84	0.9106884	-0.0023107	0.09586514
18.86	0.90211057	-0.0024322	0.10545036
18.88	0.87375918	-0.0008527	0.13580317
18.9	0.81448506	0.0349414	0.1702578
18.92	0.77040376	0.0520163	0.20882423
18.94	0.79895146	0.0010381	0.22341698
18.96	0.6685463	0.01632458	0.38632505
18.98	0.42016321	0.22210403	0.64500802
19	0.06305385	2.24675034	0.51701577
19.02	0.02299252	3.18238315	0.59020303
19.04	0.29619479	0.44103234	0.77570564
19.06	0.61410053	0.04048724	0.44710939
19.08	0.63935531	0.12715059	0.32014436
19.1	0.78028186	0.02351726	0.22458281
19.12	0.8200418	-0.0009908	0.1993908
19.14	0.83406052	-0.0022608	0.18371007
19.16	0.82549775	-0.0020582	0.19382695
19.18	0.78344084	-0.0006376	0.2446973
19.2	0.67830146	0.01523177	0.37293169
19.22	0.33722541	0.59163032	0.49537338
19.24	0.0154172	4.05069562	0.12157595
19.26	0.12546685	1.25915881	0.81655487
19.28	0.34559252	0.0691973	0.9932976
19.3	0.13458939	1.06177163	0.94375504
19.32	0.01361609	1.8448567	2.45164676
19.34	0.01325178	1.8107969	2.51282634
19.36	0.05379377	2.29767993	0.62491761
19.38	0.34345127	0.33089436	0.73781567
19.4	0.59146251	0.09259449	0.43256248
19.42	0.47811489	0.29042093	0.44748328
19.44	0.59106822	0.25380513	0.2720187
19.46	0.7757685	0.05558931	0.19831182
19.48	0.85594534	-0.0023202	0.15786897
19.5	0.85306132	-0.0021856	0.16110947
19.52	0.71324746	0.16017425	0.17775259
19.54	0.52139164	0.37623807	0.27501574
19.56	0.68718847	0.03847053	0.33667616
19.58	0.31281986	1.04928494	0.11284283
19.6	0.47356323	0.5684381	0.17903174
19.62	0.77833721	-0.0019318	0.25252722
19.64	0.7670044	-0.00197	0.26723278
19.66	0.69067188	0.0041845	0.36590592
19.68	0.47773706	0.15914383	0.57955095
19.7	0.16982048	0.66101415	1.11199923
19.72	0.00813255	3.82754861	0.98433183
19.74	0.03304246	2.47836933	0.93159263
19.76	0.29696141	0.34587055	0.86828254
19.78	0.55624698	0.02004735	0.56649552
19.8	0.64313426	-0.0006064	0.44200818
19.82	0.37199676	0.59230561	0.39656453
19.84	0.47650082	0.24197368	0.49931216
19.86	0.52217707	0.01859462	0.63115391
19.88	0.2662551	0.4450968	0.87820359
19.9	0.02184066	2.9523184	0.87166332
19.92	0.00978345	2.66088785	1.9661751
19.94	0.1743843	1.17748411	0.56900966
19.96	0.44803675	0.07901898	0.72386104
19.98	0.58002863	0.16788098	0.37679683
20	0.71519025	0.05775651	0.27745017
20.02	0.72060825	0.10825219	0.21940745
20.04	0.84520688	-0.0033247	0.17149859
20.06	0.86483608	-0.0030487	0.14826398
20.08	0.87692441	-0.0031953	0.13452976
20.1	0.88685887	-0.0040697	0.12413911
20.12	0.88999684	-0.0040347	0.12057205
20.14	0.88681374	-0.0039887	0.12410904
20.16	0.88680308	-0.0046369	0.12476921
20.18	0.88369718	-0.0049718	0.12861259
20.2	0.87205026	-0.004819	0.14172719
20.22	0.78759225	0.06547595	0.17329883
20.24	0.53189456	0.42474413	0.20656588
20.26	0.76135118	-0.0010817	0.27374226
20.28	0.64237022	0.02829563	0.41429485
20.3	0.2945321	0.57678908	0.6455782
20.32	0.01490863	3.80435016	0.40146495
20.34	0.08060694	2.49535053	0.02281996
20.36	0.52081144	0.17753666	0.47483057
20.38	0.74279209	0.00215828	0.29518082
20.4	0.80435111	-0.0035051	0.22122449
20.42	0.68087873	0.16630351	0.21806756
20.44	0.77637334	0.06900163	0.18412014
20.46	0.83631996	-0.003547	0.18229103
20.48	0.83956776	-0.0029052	0.17777328
20.5	0.80358005	0.00350196	0.21517651
20.52	0.80556331	-0.0034426	0.21965606
20.54	0.74049308	0.00214286	0.29829613
20.56	0.39306494	0.63341201	0.30036843
20.58	0.28410018	0.63989885	0.6185295
20.6	0.49335958	0.01627501	0.690242
20.62	0.29895348	0.23693867	0.97052864
20.64	0.05147376	1.71374		1.25294305
20.66	0.00018816	5.62052552	2.95769595
20.68	0.02877284	2.2703452	1.27797834
20.7	0.24817501	0.36808579	1.02553532
20.72	0.50652779	0.03777399	0.64240209
20.74	0.62431337	0.00437527	0.46672757
20.76	0.70030029	0.00189595	0.3543501
20.78	0.46642062	0.44258222	0.32008521
20.8	0.51377413	0.30235792	0.36361362
20.82	0.63640575	0.11171328	0.34020567
20.84	0.81204963	-0.0018966	0.21009042
20.86	0.83030023	-0.003946	0.18991389
20.88	0.80293712	0.00182186	0.21765701
20.9	0.81702215	-0.0017416	0.20383067
20.92	0.82094764	-0.0048563	0.20215222
20.94	0.80350405	-0.004311	0.22308402
20.96	0.75390457	0.00055585	0.28193364
20.98	0.40991879	0.61716055	0.27463566
21	0.39711425	0.57483885	0.34869241
21.02	0.67011021	-0.0023641	0.40267721
21.04	0.64213157	-0.0011139	0.44407591
21.06	0.55834585	0.00647334	0.57630336
21.08	0.42047837	0.04098985	0.82537239
21.1	0.20534992	0.40241885	1.18062098
21.12	0.02141801	2.48932601	1.35419712
21.14	0.00078816	3.83441151	3.31139261
21.16	3.78E-11	12	12
21.18	0.00010176	5.14778253	4.04508695
21.2	0.0260844	1.67013166	1.97628629
21.22	0.154752	0.41979661	1.44613484
21.24	0.27215025	0.22639087	1.07501012
21.26	0.23417305	0.71559033	0.73610457
21.28	0.49991294	0.08043372	0.61288758
21.3	0.54938789	0.04919998	0.54975057
21.32	0.35442711	0.46660331	0.57064925
21.34	0.19976684	0.87994468	0.73065971
21.36	0.18967616	0.94331207	0.719125
21.38	0.17354545	1.38599255	0.36532319
21.4	0.51886719	0.0685346	0.58757273
21.42	0.34098656	0.59747548	0.47843674
21.44	0.64277545	0.11081154	0.33114831
21.46	0.55410304	0.21474036	0.37566426
21.48	0.73002262	0.04088809	0.27379168
21.5	0.79423206	-0.0024524	0.23283195
21.52	0.78604483	-0.0016795	0.24242094
21.54	0.77447621	-0.0014734	0.25704173
21.56	0.64810771	0.13747007	0.2962283
21.58	0.5631615	0.17121342	0.40297542
21.6	0.72196117	-0.0018871	0.32767106
21.62	0.68852542	-0.0002473	0.37345037
21.64	0.56750988	0.04116645	0.52533067
21.66	0.19027465	1.15821493	0.50107181
21.68	0.13802204	1.34379919	0.63654272
21.7	0.38191946	0.10067753	0.861868
21.72	0.41695003	0.05641428	0.81837461
21.74	0.37148955	0.02456467	0.96566987
21.76	0.24407517	0.08117014	1.32910889
21.78	0.09940422	0.48306329	1.82549745
21.8	0.01200115	1.62938037	2.79337272
21.82	0.00020284	3.15184467	5.35124421
21.84	3.78E-11	12	12
21.86	3.78E-11	12	12
21.88	3.78E-11	12	12
21.9	0.00399154	3.15723528	2.36634328
21.92	0.07339421	0.70688864	1.90502154
21.94	0.19481959	0.10082649	1.53485484
21.96	0.27732619	0.17633334	1.10622752
21.98	0.33188645	0.19660479	0.90635759
22	0.47610556	0.00358594	0.73852975
22.02	0.44338508	0.02964748	0.78366916
22.04	0.31432755	0.08441842	1.07290126
22.06	0.0926121	1.19081795	1.18851752
22.08	0.00154996	4.51065116	1.9588748
22.1	0.07880014	1.40370921	1.13713129
22.12	0.26440761	0.19940725	1.13085614
22.14	0.20359371	1.05720374	0.53442515
22.16	0.57521697	0.05984469	0.49316328
22.18	0.67855599	-0.0006805	0.3884688
22.2	0.50688994	0.2501524	0.42930898
22.22	0.61833279	0.09285947	0.387869
22.24	0.59866379	0.0435649	0.46949023
22.26	0.73270594	0.01000544	0.30100539
22.28	0.74822496	-0.0019251	0.29197674
22.3	0.73574912	-0.0018357	0.30870182
22.32	0.6813274	0.0030864	0.38062592
22.34	0.4097503	0.40929096	0.48291636
22.36	0.09038834	1.02423431	1.37940569
22.38	0.02261228	2.08728545	1.70197666
22.4	0.04696399	1.70715741	1.3512168
22.42	0.33921981	0.46973185	0.61137512
22.44	0.58695333	0.00354058	0.5292694
22.46	0.60423451	-0.0012135	0.5050064
22.48	0.53589292	0.00868286	0.61513806
22.5	0.37860928	0.10290044	0.86835009
22.52	0.10206602	1.22809815	1.05403732
22.54	0.00381846	3.64229752	1.92561093
22.56	0.06188054	0.53378015	2.24876935
22.58	0.05691511	0.48613648	2.38005801
22.6	0.00497502	2.63823594	2.66508953
22.62	3.78E-11	12	12
22.64	9.4163E-05	4.43778736	4.83269552
22.66	0.02657821	1.81531413	1.81234959
22.68	0.18082874	0.32372214	1.38648275
22.7	0.37393316	0.05095252	0.9327257
22.72	0.51018841	0.01006787	0.66290731
22.74	0.59512355	0.00073465	0.51825161
22.76	0.58316497	0.05123435	0.48805081
22.78	0.64068567	0.03597275	0.40924358
22.8	0.68461914	-0.0004309	0.37932354
22.82	0.62675344	0.00619615	0.46100591
22.84	0.61244667	0.01137097	0.47892244
22.86	0.60553804	0.00516423	0.49647366
22.88	0.41013308	0.15573983	0.73553375
22.9	0.08074004	1.76222913	0.75429159
22.92	0.02427094	3.03917849	0.67929694
22.94	0.28045274	0.39233207	0.87901798
22.96	0.48468463	0.00719232	0.71706454
22.98	0.29483874	0.51405249	0.70727422
23	0.06137825	2.26092628	0.52977341
23.02	0.42082529	0.27843789	0.58709963
23.04	0.62742721	0.00701445	0.45911316
23.06	0.67479814	0.00336513	0.38997655
23.08	0.68531549	-0.003162	0.38103803
23.1	0.65494698	-0.0017201	0.42492105
23.12	0.58454195	0.00469285	0.53223388
23.14	0.44798745	0.04495649	0.75803357
23.16	0.19430256	0.56412976	1.07420899
23.18	0.01212713	3.25371459	1.15859523
23.2	0.00258165	4.38689513	1.57243116
23.22	0.10798782	0.96666539	1.25907141
23.24	0.34790108	0.09406104	0.96177607
23.26	0.51415368	0.01588905	0.64934402
23.28	0.5994972	-0.0007994	0.51246335
23.3	0.56609964	0.06793151	0.50105367
23.32	0.34288752	0.60189017	0.46846264
23.34	0.61065219	0.01544739	0.47778034
23.36	0.63305791	-0.0016496	0.45884297
23.38	0.60621271	-0.0006292	0.50115355
23.4	0.54156851	0.0091929	0.6040928
23.42	0.35586414	0.1138874	0.91931885
23.44	0.13814655	0.87762885	1.10181131
23.46	0.00893004	2.98998172	1.72835294
23.48	0.06142819	0.43414443	2.35574198
23.5	0.01691729	2.2232219	1.8561973
23.52	0.00704559	3.89211223	1.06324144
23.54	0.1301448	0.53275733	1.50635023
23.56	0.24958218	0.01028331	1.37768372
23.58	0.21862043	0.04919329	1.47122497
23.6	0.07875118	0.91584524	1.62561677
23.62	0.00402564	2.05186514	3.4632062
23.64	4.6879E-07	57.7448108	-43.171689
23.66	0.00613854	2.32586384	2.76730411
23.68	0.04729412	0.27312248	2.77824685
23.7	0.06852351	0.03247439	2.64810404
23.72	0.05423958	0.1070484	2.807296
23.74	0.02023266	0.49774525	3.4027117
23.76	0.00252738	1.38672843	4.59384198
23.78	3.78E-11	12	12
23.8	3.78E-11	12	12
23.82	3.78E-11	12	12
23.84	3.78E-11	12	12
23.86	3.78E-11	12	12
23.88	3.78E-11	12	12
23.9	3.78E-11	12	12
23.92	3.78E-11	12	12
23.94	3.78E-11	12	12
23.96	0.00064437	2.10640743	5.24083422
23.98	0.00806355	0.58685139	4.23354947
24	0.02066599	1.17895894	2.70030687
24.02	0.10264767	0.2958844	1.98056844
24.04	0.1970389	0.03906953	1.58528458
24.06	0.26284116	0.01120269	1.32500271
24.08	0.24915345	0.17443661	1.21524968
24.1	0.08673676	1.2767903	1.1680872
24.12	0.27101326	0.43634463	0.8692429
24.14	0.46829045	0.00386137	0.75480518
24.16	0.50782046	-0.0007208	0.67834816
24.18	0.53601482	0.00318111	0.62041235
24.2	0.57925216	-0.0021647	0.54818205
24.22	0.60204795	-0.0028384	0.5102566
24.24	0.61802819	-0.0037628	0.48498403
24.26	0.63048832	-0.003206	0.4644666
24.28	0.64990396	-0.003449	0.43437964
24.3	0.66148827	-0.0032831	0.41654611
24.32	0.67023606	-0.003508	0.4036333
24.34	0.67807715	-0.0034836	0.39197778
24.36	0.68403762	-0.0035512	0.38329359
24.38	0.6880317	-0.0034537	0.3773741
24.4	0.68184946	-0.0021319	0.38507827
24.42	0.6277333	0.01189863	0.45374126
24.44	0.68714351	-0.0021605	0.37737264
24.46	0.69530217	-0.0031518	0.36656056
24.48	0.69507907	-0.0030503	0.36678002
24.5	0.69313248	-0.0027566	0.36929069
24.52	0.68794465	-0.0025674	0.3766143
24.54	0.67220013	-0.0021249	0.39932408
24.56	0.67617559	-0.0029933	0.39429581
24.58	0.66985994	-0.0034164	0.40410306
24.6	0.65516428	-0.0033079	0.42617718
24.62	0.62319334	-0.0013846	0.47428305
24.64	0.47468628	0.14847183	0.59662933
24.66	0.13058834	1.48770046	0.5480049
24.68	0.41742323	0.2288054	0.64484922
24.7	0.57193178	-0.0012009	0.55993645
24.72	0.5813274	-0.0018957	0.54433682
24.74	0.56540546	-0.0011665	0.57137864
24.76	0.54727921	-0.0020561	0.60485225
24.78	0.52516034	-0.0017379	0.64578955
24.8	0.49398214	-0.0010514	0.70630731
24.82	0.45571622	0.0003629	0.78552208
24.84	0.40924162	0.00230473	0.8911448
24.86	0.35240777	0.0065362	1.03643013
24.88	0.28242335	0.01902332	1.24532476
24.9	0.19340191	0.07975135	1.56323346
24.92	0.09289895	0.22373511	2.15250782
24.94	0.02166689	1.19836121	2.63360859
24.96	0.00037833	3.94228506	3.93744586
24.98	3.78E-11	12	12
