#MtLemmon 5.7mm N  9100ft STD			
#T=exp(-b*sqrt(AM)-c*AM) @1AM
#Wave  b (sqrt crv gr)  c (lin crv gr)
7.2	2.14821151	2.93320206	
7.204	3.42803294	1.55096724	
7.208	3.46799041	0.77180418	
7.212	2.72619865	0.89821528	
7.216	2.07420346	0.97015779	
7.22	1.43995675	1.15587174	
7.224	1.03126064	1.19875414	
7.228	0.80987066	1.20241937	
7.232	0.70507232	1.17759594	
7.236	0.73274926	1.12891959	
7.24	0.89219972	1.02000775	
7.244	1.19458563	0.91078799	
7.248	1.5457356	0.82941195	
7.252	1.84179775	0.85248897	
7.256	2.11088387	0.95393416
7.26	1.90407925	1.56730646
7.264	1.82705662	1.96326662
7.268	2.33993891	1.78556176
7.272	2.96492769	1.60574358
7.276	3.29332001	1.41135679
7.28	3.42754994	0.94213297
7.284	2.85804517	1.01910385
7.288	2.24334548	1.25237177
7.292	1.84067801	1.39813765
7.296	1.65577883	1.42038676
7.3	1.66568216	1.27534501
7.304	1.65248102	1.13838774
7.308	1.46020489	1.13497323
7.312	1.21501239	1.19329845
7.316	1.04950792	1.23375234
7.32	1.02159077	1.270854
7.324	1.14585746	1.26419442
7.328	1.53028715	1.1449635
7.332	2.23202172	0.88528248
7.336	2.98244512	0.75204012
7.34	3.39873559	0.61524316
7.344	3.23986739	0.57407349
7.348	2.70147623	0.58909002
7.352	2.060672	0.6608221
7.356	1.50917394	0.80024392
7.36	1.22655826	0.85534569
7.364	1.0981937	0.84490507
7.368	1.03637487	0.83580568
7.372	1.07735094	0.79791007
7.376	1.20760029	0.68592814
7.38	1.24407946	0.5887186
7.384	1.11402328	0.59282455
7.388	0.93349172	0.62814176
7.392	0.83026563	0.65042807
7.396	0.80206307	0.66877724
7.4	0.82956455	0.69944895
7.404	0.9301874	0.69883491
7.408	1.09469221	0.69464963
7.412	1.14554445	0.71362233
7.416	1.04665639	0.70859502
7.42	0.9288624	0.6583761
7.424	0.79224467	0.63995845
7.428	0.603833	0.65890186
7.432	0.49569645	0.66656587
7.436	0.5264281	0.6447434
7.44	0.66754006	0.60046509
7.444	0.92756408	0.51849603
7.448	1.38757526	0.37936635
7.452	1.99863572	0.21942438
7.456	2.82709877	-0.0119697
7.46	3.80196377	-0.2243122
7.464	4.57717335	0.05587135
7.468	4.84909678	0.27277148
7.472	4.73428991	-0.4921153
7.476	3.58690981	-0.4439381
7.48	2.57381464	-0.1396506
7.484	1.77606768	0.15505183
7.488	1.26070721	0.33796182
7.492	0.91574517	0.44746468
7.496	0.75037425	0.45147207
7.5	0.68196849	0.41581831
7.504	0.71498348	0.34305653
7.508	0.68275324	0.29903506
7.512	0.62461494	0.28036797
7.516	0.62461624	0.28355524
7.52	0.65884502	0.28986751
7.524	0.61184192	0.32963941
7.528	0.62333027	0.34036449
7.532	0.6534917	0.34225299
7.536	0.58324429	0.35332794
7.54	0.4788507	0.37722249
7.544	0.4287443	0.38908619
7.548	0.41634203	0.41096689
7.552	0.42889905	0.44580332
7.556	0.55268096	0.44946637
7.56	0.73078042	0.4443633
7.564	0.99976758	0.42994851
7.568	1.35000912	0.37851382
7.572	1.88801981	0.23660214
7.576	2.48359462	0.07707576
7.58	2.96592705	0.12234468
7.584	2.80529354	0.45783822
7.588	2.36555011	0.73186692
7.592	2.02525482	0.75827133
7.596	1.66461766	0.85775024
7.6	1.45060258	0.89975202
7.604	1.48735556	0.8851332
7.608	1.5991579	0.83783039
7.612	1.85533858	0.5117699
7.616	1.92228466	0.2218682
7.62	1.67216041	0.16264793
7.624	1.22411268	0.27972618
7.628	0.91888403	0.36437375
7.632	0.72496736	0.43831811
7.636	0.65091721	0.48511413
7.64	0.74463788	0.47250257
7.644	1.00283213	0.39931463
7.648	1.24465	0.36102795
7.652	1.57245676	0.30793334
7.656	2.01226894	0.2323144
7.66	2.26518163	0.25900342
7.664	2.24595781	0.37129371
7.668	2.11402807	0.50862265
7.672	1.98788183	0.38007607
7.676	1.65800558	0.39818997
7.68	1.40488994	0.39469428
7.684	1.19235189	0.37533736
7.688	0.99616521	0.38793606
7.692	0.90485646	0.40611114
7.696	0.89903923	0.38275872
7.7	0.91373693	0.36693424
7.704	0.98098219	0.37034924
7.708	1.07399526	0.37234388
7.712	1.09193061	0.37307184
7.716	0.98158503	0.41862277
7.72	0.87903736	0.46245117
7.724	0.7660844	0.45527176
7.728	0.64142544	0.4424755
7.732	0.56558957	0.42846843
7.736	0.5563199	0.39392868
7.74	0.5397621	0.359259
7.744	0.59369527	0.32620984
7.748	0.75131035	0.27065872
7.752	0.93979819	0.21338471
7.756	1.13343608	0.16801874
7.76	1.33094373	0.14768947
7.764	1.38302006	0.10225961
7.768	1.21370179	0.11766902
7.772	0.95512834	0.18837809
7.776	0.75680939	0.24448419
7.78	0.60256768	0.29476218
7.784	0.5314169	0.3488978
7.788	0.53722671	0.38497724
7.792	0.5703428	0.40828056
7.796	0.58874106	0.43525123
7.8	0.58430427	0.44489186
7.804	0.58235247	0.41664065
7.808	0.56535146	0.372264
7.812	0.56916533	0.32561849
7.816	0.53727552	0.30266531
7.82	0.51565924	0.2898241
7.824	0.517438	0.28734217
7.828	0.54268279	0.29526197
7.832	0.53329431	0.31325119
7.836	0.53394603	0.33015911
7.84	0.55270175	0.35623986
7.844	0.58687608	0.36851367
7.848	0.67533527	0.34393274
7.852	0.84075225	0.32941479
7.856	1.07780923	0.31376292
7.86	1.37838887	0.28696887
7.864	1.58220687	0.36560267
7.868	1.50894326	0.68549421
7.872	1.4355665	0.8712954
7.876	1.51872859	0.67569984
7.88	1.48347575	0.50396913
7.884	1.43098658	0.39900566
7.888	1.31539374	0.34321484
7.892	1.15520178	0.29168913
7.896	1.0426598	0.2923468
7.9	0.94520482	0.28870551
7.904	0.80186094	0.29051408
7.908	0.68632235	0.29467283
7.912	0.62617645	0.31198975
7.916	0.60766696	0.3130345
7.92	0.67463183	0.28325961
7.924	0.81476887	0.26219398
7.928	0.96844154	0.25137368
7.932	1.13373514	0.20164327
7.936	1.1655552	0.14680476
7.94	1.00715957	0.14907842
7.944	0.79231838	0.15424722
7.948	0.57876238	0.16382983
7.952	0.38269142	0.20263629
7.956	0.26514175	0.23084013
7.96	0.23896048	0.22935336
7.964	0.24382618	0.22230977
7.968	0.27279485	0.22731963
7.972	0.29681969	0.22599194
7.976	0.32214417	0.21372169
7.98	0.29843665	0.20041843
7.984	0.26742856	0.19204584
7.988	0.22405766	0.18074813
7.992	0.18377923	0.176839
7.996	0.15005449	0.17483942
8	0.15799331	0.16733618
8.004	0.16388122	0.15904503
8.008	0.17586287	0.15154994
8.012	0.20004441	0.14224021
8.016	0.21612905	0.14282128
8.02	0.24773046	0.14324952
8.024	0.31826961	0.1428955
8.028	0.38704041	0.15779357
8.032	0.44046068	0.18323962
8.036	0.49138605	0.1951686
8.04	0.47622959	0.19540375
8.044	0.39968808	0.18576564
8.048	0.31669925	0.16534107
8.052	0.23095045	0.15498142
8.056	0.15272797	0.15817414
8.06	0.11340563	0.15588558
8.064	0.10604565	0.14707403
8.068	0.11653658	0.14296346
8.072	0.12769624	0.14348736
8.076	0.13505095	0.14203307
8.08	0.14142241	0.13764129
8.084	0.1431312	0.12926991
8.088	0.12341691	0.11547018
8.092	0.09998685	0.09721548
8.096	0.07245548	0.08172463
8.1	0.04630061	0.07124048
8.104	0.02449636	0.06490077
8.108	0.01469261	0.06046877
8.112	0.01070334	0.0599116
8.116	0.01487088	0.06278676
8.12	0.02289442	0.06922598
8.124	0.03179403	0.07804575
8.128	0.04047611	0.08850047
8.132	0.04464717	0.0957537
8.136	0.04378833	0.09902532
8.14	0.04037496	0.09981973
8.144	0.06990925	0.09162322
8.148	0.14203489	0.07392763
8.152	0.22064064	0.06576169
8.156	0.30318654	0.06322169
8.16	0.38330162	0.0582976
8.164	0.38830288	0.06200347
8.168	0.30533744	0.07932109
8.172	0.2261932	0.08761062
8.176	0.15049102	0.10089892
8.18	0.08059763	0.11961566
8.184	0.04594394	0.13056404
8.188	0.05978434	0.12793791
8.192	0.09569414	0.12385736
8.196	0.12797748	0.1177999
8.2	0.16015218	0.10712703
8.204	0.19260959	0.09402389
8.208	0.20098047	0.08141554
8.212	0.156953	0.07912717
8.216	0.11545282	0.07828028
8.22	0.07482157	0.08191506
8.224	0.03523021	0.08803721
8.228	0.01179936	0.09669633
8.232	0.05557875	0.08589784
8.236	0.12534813	0.07364903
8.24	0.22550442	0.06247885
8.244	0.32920455	0.06309992
8.248	0.43134263	0.05940983
8.252	0.43830379	0.07090776
8.256	0.39442521	0.0692331
8.26	0.29396526	0.06357357
8.264	0.19019913	0.0587377
8.268	0.08958665	0.06570698
8.272	0.03355832	0.06624775
8.276	0.00534137	0.06639651
8.28	0.00469669	0.06187836
8.284	0.00647315	0.06057665
8.288	0.00835996	0.06096019
8.292	0.00965784	0.06010331
8.296	0.00755634	0.05537997
8.3	0.00543192	0.05129516
8.304	0.00326481	0.0478189
8.308	0.00107611	0.04540964
8.312	-0.0007619	0.04386024
8.316	-0.0006686	0.04475618
8.32	-0.0005976	0.04604591
8.324	-0.0001487	0.04940581
8.328	0.02359726	0.04815011
8.332	0.07077405	0.04444681
8.336	0.11841055	0.04501093
8.34	0.16605221	0.04763016
8.344	0.21375986	0.04771358
8.348	0.21317429	0.04962736
8.352	0.16529942	0.05243389
8.356	0.11795575	0.05082898
8.36	0.07084997	0.0511932
8.364	0.02472575	0.05503504
8.368	0.00240076	0.05670628
8.372	0.00315213	0.05504531
8.376	0.00443355	0.05757093
8.38	0.00538136	0.06240943
8.384	0.00513815	0.06734563
8.388	0.00484775	0.07164759
8.392	0.00452594	0.07558401
8.396	0.00395602	0.07733899
8.4	0.00320958	0.07608217
8.404	0.00752506	0.07739653
8.408	0.05523041	0.0666876
8.412	0.11576703	0.05934339
8.416	0.17726376	0.05685107
8.42	0.23884415	0.05973926
8.424	0.2937373	0.05343514
8.428	0.25339592	0.06599201
8.432	0.1920902	0.06817727
8.436	0.13163741	0.06720057
8.44	0.07136417	0.06796753
8.444	0.01596276	0.07521669
8.448	0.00411662	0.06866743
8.452	0.0053584	0.06564364
8.456	0.00705791	0.06619466
8.46	0.00865198	0.06768493
8.464	0.01022891	0.06991694
8.468	0.01202657	0.07453138
8.472	0.01099714	0.07477645
8.476	0.00966834	0.07404245
8.48	0.00834541	0.07419367
8.484	0.0069955	0.07506588
8.488	0.00535187	0.07493322
8.492	0.00599034	0.08016199
8.496	0.0378654	0.07887698
8.5	0.10446727	0.07150533
8.504	0.18379777	0.0694794
8.508	0.26317929	0.07608043
8.512	0.34260826	0.079328
8.516	0.35588925	0.08398352
8.52	0.29875444	0.08590965
8.524	0.22146779	0.0741078
8.528	0.14196625	0.06564445
8.532	0.06230785	0.06797125
8.536	0.0151776	0.0675111
8.54	0.00196776	0.05942258
8.544	0.00106707	0.05403045
8.548	0.00098918	0.0506437
8.552	0.00087634	0.04764749
8.556	0.00058312	0.04526079
8.56	0.00576353	0.04705464
8.564	0.02728332	0.05083677
8.568	0.06246441	0.05834267
8.572	0.09655512	0.07057108
8.576	0.12895888	0.08745359
8.58	0.15214247	0.0962405
8.584	0.14613335	0.09360249
8.588	0.11413943	0.08284754
8.592	0.08104645	0.07264545
8.596	0.0467663	0.06336084
8.6	0.0167124	0.06004072
8.604	0.00276285	0.05826073
8.608	0.00284694	0.05635969
8.612	0.00319459	0.05559321
8.616	0.00371553	0.05604437
8.62	0.00412247	0.05572105
8.624	0.004759	0.05578471
8.628	0.00542815	0.05619273
8.632	0.00582443	0.05572074
8.636	0.00625705	0.05570794
8.64	0.00660806	0.05614237
8.644	0.00647219	0.05649661
8.648	0.00645929	0.05760625
8.652	0.00651504	0.05908706
8.656	0.00634823	0.0606176
8.66	0.01447806	0.06376218
8.664	0.02626086	0.06829292
8.668	0.04254333	0.07583189
8.672	0.05839133	0.08618596
8.676	0.07375043	0.09610088
8.68	0.07514017	0.10267007
8.684	0.08582121	0.10518538
8.688	0.08840412	0.09897753
8.692	0.09091138	0.08989678
8.696	0.09318134	0.08201572
8.7	0.10015125	0.07210694
8.704	0.07758925	0.06507686
8.708	0.05905295	0.06079097
8.712	0.04037874	0.05728712
8.716	0.02136374	0.05422646
8.72	0.00419735	0.05363447
8.724	0.00355215	0.05080988
8.728	0.00331799	0.04931246
8.732	0.00326613	0.04885218
8.736	0.00323607	0.04817838
8.74	0.00308042	0.04738127
8.744	0.00302704	0.04787884
8.748	0.00291124	0.04734386
8.752	0.0027775	0.04649832
8.756	0.00280846	0.04650351
8.76	0.00284461	0.04625185
8.764	0.00290837	0.04499289
8.768	0.00312515	0.04524637
8.772	0.00504648	0.04703045
8.776	0.02338743	0.04834291
8.78	0.04257117	0.05388883
8.784	0.06231361	0.06457515
8.788	0.11592368	0.06971654
8.792	0.1789297	0.07782067
8.796	0.20991207	0.08327209
8.8	0.24151952	0.08069812
8.804	0.27422355	0.06669277
8.808	0.23447524	0.05847314
8.812	0.16878944	0.050404
8.816	0.11891454	0.04612029
8.82	0.06938102	0.04627498
8.824	0.02135553	0.05102837
8.828	0.00843916	0.04854282
8.832	0.00867628	0.04600689
8.836	0.00895043	0.04531194
8.84	0.00934331	0.0453615
8.844	0.00970917	0.04493402
8.848	0.00995505	0.04361512
8.852	0.01037662	0.04198036
8.856	0.01116746	0.04046734
8.86	0.01136124	0.03823723
8.864	0.01188929	0.03717936
8.868	0.01279435	0.03697402
8.872	0.01328656	0.03739969
8.876	0.01308957	0.03778227
8.88	0.01429637	0.03992949
8.884	0.01474441	0.04166417
8.888	0.01400731	0.04274636
8.892	0.01434678	0.04364682
8.896	0.01491572	0.04420108
8.9	0.01996019	0.04367864
8.904	0.04081045	0.04377992
8.908	0.0646063	0.04780727
8.912	0.08633722	0.05201947
8.916	0.10805241	0.05729097
8.92	0.11872073	0.06205169
8.924	0.09950271	0.06096428
8.928	0.07656569	0.05463511
8.932	0.05415226	0.0508654
8.936	0.03153507	0.04838244
8.94	0.01390189	0.04573599
8.944	0.01173436	0.04344776
8.948	0.01125429	0.04244945
8.952	0.01120947	0.04058535
8.956	0.01010816	0.03816971
8.96	0.0092792	0.03634724
8.964	0.00878303	0.0352275
8.968	0.00859007	0.0347224
8.972	0.00750476	0.03438151
8.976	0.00712844	0.03514072
8.98	0.02033985	0.03566365
8.984	0.0365929	0.03764668
8.988	0.05232759	0.04063139
8.992	0.06830662	0.04449959
8.996	0.08425537	0.04684422
9	0.07365844	0.04728697
9.004	0.0568192	0.04415967
9.008	0.04012449	0.04027391
9.012	0.02321679	0.03722144
9.016	0.0086157	0.03709494
9.02	0.02324619	0.03581879
9.024	0.04141345	0.03731478
9.028	0.05956955	0.04006277
9.032	0.07759518	0.04274232
9.036	0.09111003	0.0420693
9.04	0.07338024	0.0415737
9.044	0.05535538	0.0388537
9.048	0.03721392	0.0365994
9.052	0.01888644	0.03470156
9.056	0.00306107	0.03550512
9.06	0.00565668	0.0363113
9.064	0.01554327	0.0404094
9.068	0.02505807	0.04545346
9.072	0.03454206	0.05214291
9.076	0.04684552	0.06061045
9.08	0.05577095	0.06766445
9.084	0.05162578	0.06865199
9.088	0.04777241	0.06851571
9.092	0.04387504	0.0670091
9.096	0.03378159	0.06007411
9.1	0.02196005	0.05158708
9.104	0.01675038	0.04558939
9.108	0.01119991	0.03999825
9.112	0.00555838	0.03513217
9.116	0.00351382	0.03324337
9.12	0.00370376	0.03386292
9.124	0.00384187	0.03507143
9.128	0.00409433	0.03687387
9.132	0.00429546	0.03900438
9.136	0.00426113	0.04042756
9.14	0.00417084	0.04085479
9.144	0.00421599	0.04125906
9.148	0.0108838	0.04365329
9.152	0.0179074	0.04671184
9.156	0.02490103	0.05038877
9.16	0.03169275	0.05496129
9.164	0.03821648	0.05896973
9.168	0.03199369	0.05741045
9.172	0.02503581	0.05442911
9.176	0.01822802	0.05245182
9.18	0.01145456	0.05074971
9.184	0.00476018	0.05016423
9.188	0.00475606	0.05132392
9.192	0.00508672	0.05358014
9.196	0.00510867	0.05550059
9.2	0.00496375	0.05663702
9.204	0.00488848	0.05749993
9.208	0.00468309	0.05867433
9.212	0.00459837	0.05930357
9.216	0.00458445	0.05805268
9.22	0.00467112	0.05683052
9.224	0.00481971	0.05538659
9.228	0.00508607	0.0542632
9.232	0.00611226	0.05514422
9.236	0.00748487	0.05794617
9.24	0.00880099	0.06127194
9.244	0.01019081	0.06495673
9.248	0.01149987	0.06809451
9.252	0.01129086	0.06655935
9.256	0.01097566	0.06471337
9.26	0.01062816	0.06249216
9.264	0.00975867	0.05907448
9.268	0.00916999	0.05728468
9.272	0.00929762	0.05771087
9.276	0.00918117	0.05817147
9.28	0.00949774	0.06019853
9.284	0.01004057	0.06278072
9.288	0.012017	0.06657726
9.292	0.01997015	0.07423539
9.296	0.02719764	0.0801794
9.3	0.03407147	0.0855898
9.304	0.04064599	0.09203325
9.308	0.04416189	0.09179467
9.312	0.03690556	0.0846601
9.316	0.02994787	0.08062767
9.32	0.02237642	0.07447583
9.324	0.01481814	0.06924947
9.328	0.00970648	0.06768079
9.332	0.01014675	0.06695694
9.336	0.01126622	0.06619265
9.34	0.01439236	0.07097604
9.344	0.01800595	0.07552244
9.348	0.02230019	0.08045934
9.352	0.02869084	0.08959923
9.356	0.03681976	0.09926772
9.36	0.04891471	0.10439564
9.364	0.07925763	0.10855297
9.368	0.1145824	0.11488997
9.372	0.15160594	0.11945558
9.376	0.19223715	0.12652945
9.38	0.23195004	0.13447791
9.384	0.24462342	0.13964828
9.388	0.26292776	0.14049778
9.392	0.28418031	0.14056263
9.396	0.31644781	0.13527456
9.4	0.34886171	0.13359744
9.404	0.402362	0.13680903
9.408	0.45044138	0.14425033
9.412	0.50128761	0.15901616
9.416	0.53903765	0.17944886
9.42	0.57907856	0.20423851
9.424	0.61097603	0.22468676
9.428	0.6381081	0.24197436
9.432	0.67607604	0.24653036
9.436	0.70726861	0.23551402
9.44	0.74218232	0.20835103
9.444	0.78163913	0.1855213
9.448	0.8180701	0.16298335
9.452	0.84571	0.14376003
9.456	0.87887102	0.14752699
9.46	0.89908184	0.16889597
9.464	0.91052497	0.18846664
9.468	0.92737596	0.21486153
9.472	0.92587973	0.23756639
9.476	0.94655658	0.23501638
9.48	0.97257158	0.22827705
9.484	0.98547373	0.22480952
9.488	1.01096772	0.22291313
9.492	1.04057868	0.21736069
9.496	1.02832431	0.22151329
9.5	1.0288833	0.2137389
9.504	1.04019302	0.21760157
9.508	1.00822186	0.20758871
9.512	0.97913483	0.2116321
9.516	0.98154812	0.20954543
9.52	0.94447681	0.20857165
9.524	0.89856818	0.19319028
9.528	0.88672293	0.18982045
9.532	0.86030522	0.1821584
9.536	0.8094243	0.1764461
9.54	0.78258445	0.1695441
9.544	0.74856329	0.16785977
9.548	0.67875377	0.15256495
9.552	0.60645256	0.14152101
9.556	0.53628187	0.13573508
9.56	0.45370344	0.12940846
9.564	0.36388991	0.12128895
9.568	0.29663507	0.1161409
9.572	0.2333758	0.11267399
9.576	0.17287491	0.10854159
9.58	0.13166775	0.10811375
9.584	0.14373929	0.10222419
9.588	0.20094466	0.08984913
9.592	0.30947969	0.06978462
9.596	0.47404691	0.05311299
9.6	0.67024374	0.05773085
9.604	0.82799243	0.10534766
9.608	0.90360008	0.20098709
9.612	0.90800357	0.32539639
9.616	0.87348962	0.40912362
9.62	0.853424	0.41080233
9.624	0.82209809	0.39256846
9.628	0.79446146	0.38402683
9.632	0.75819956	0.37027895
9.636	0.73507276	0.34702993
9.64	0.70305011	0.33164488
9.644	0.67997648	0.31843997
9.648	0.66668436	0.29800237
9.652	0.65821739	0.27427331
9.656	0.64207794	0.26014607
9.66	0.63394008	0.2400386
9.664	0.63295363	0.22114007
9.668	0.6044937	0.21448285
9.672	0.57775338	0.21401041
9.676	0.55677635	0.2098663
9.68	0.54490301	0.21084104
9.684	0.52660454	0.21115351
9.688	0.52459002	0.20439143
9.692	0.53129229	0.19456949
9.696	0.54130709	0.1846607
9.7	0.54832247	0.17323725
9.704	0.55636095	0.16693206
9.708	0.56898468	0.16768287
9.712	0.57615842	0.17205546
9.716	0.58680564	0.17502748
9.72	0.59385587	0.18165733
9.724	0.60008818	0.1816631
9.728	0.605829	0.17119293
9.732	0.61017564	0.15744822
9.736	0.61047933	0.14819585
9.74	0.60436885	0.14059543
9.744	0.5996781	0.13810352
9.748	0.59377642	0.14034823
9.752	0.58779059	0.14555957
9.756	0.57489806	0.15444642
9.76	0.56735673	0.16046601
9.764	0.5575591	0.16603487
9.768	0.54320668	0.17454848
9.772	0.52837427	0.18141836
9.776	0.51772842	0.1863896
9.78	0.50773066	0.18916245
9.784	0.49870885	0.19222405
9.788	0.49399803	0.19249881
9.792	0.49048642	0.1925259
9.796	0.48490216	0.18901989
9.8	0.47795655	0.1886183
9.804	0.47097679	0.18548113
9.808	0.46518748	0.18215507
9.812	0.46211307	0.18059539
9.816	0.45530956	0.18017712
9.82	0.44678146	0.17742213
9.824	0.43979712	0.1752895
9.828	0.42595137	0.16951053
9.832	0.41245271	0.15983185
9.836	0.40306406	0.14966765
9.84	0.39314029	0.14414019
9.844	0.38684523	0.14194656
9.848	0.38270671	0.14251761
9.852	0.37353313	0.14788283
9.856	0.36614864	0.15368789
9.86	0.35538242	0.15478405
9.864	0.33708659	0.15286276
9.868	0.32441804	0.15086304
9.872	0.31193669	0.1465096
9.876	0.30066574	0.14487139
9.88	0.2942426	0.14420049
9.884	0.28638579	0.14648064
9.888	0.27802142	0.15056196
9.892	0.27189007	0.1541185
9.896	0.26019971	0.15174141
9.9	0.25154769	0.14816721
9.904	0.24702939	0.13877369
9.908	0.23157054	0.12847097
9.912	0.21936673	0.12148246
9.916	0.21212122	0.117597
9.92	0.19838112	0.11607284
9.924	0.18690806	0.11736688
9.928	0.18537426	0.11797907
9.932	0.17255285	0.11791698
9.936	0.16121517	0.11958013
9.94	0.15587478	0.12029662
9.944	0.14664185	0.12011716
9.948	0.13526921	0.12060264
9.952	0.13356388	0.12113532
9.956	0.12556389	0.11877812
9.96	0.11670046	0.11541971
9.964	0.11382782	0.11249076
9.968	0.11067891	0.10693802
9.972	0.10282239	0.09947295
9.976	0.10143267	0.09402753
9.98	0.09724409	0.0912819
9.984	0.08745769	0.08950782
9.988	0.0820717	0.0915405
9.992	0.07923961	0.09528073
9.996	0.07160448	0.09783532
10	0.06720898	0.09744267
10.004	0.06645096	0.09637293
10.008	0.05973567	0.09159956
10.012	0.05468272	0.08711025
10.016	0.05395021	0.08234062
10.02	0.05101867	0.07800749
10.024	0.04570333	0.07262563
10.028	0.04561283	0.07031651
10.032	0.04245029	0.06701095
10.036	0.03669975	0.06431173
10.04	0.03417021	0.06416998
10.044	0.03375254	0.06540473
10.048	0.02939768	0.06367133
10.052	0.02689019	0.0631994
10.056	0.02630115	0.06350306
10.06	0.02273155	0.06062639
10.064	0.01885891	0.05824405
10.068	0.01799704	0.05855534
10.072	0.0167413	0.05791398
10.076	0.01400539	0.05566519
10.08	0.01308713	0.05529843
10.084	0.01250724	0.05438834
10.088	0.01059489	0.05151185
10.092	0.00914574	0.04953501
10.096	0.00919116	0.04933634
10.1	0.00871875	0.04821257
10.104	0.00747273	0.04657574
10.108	0.00693717	0.0459178
10.112	0.00644512	0.0449675
10.116	0.0050399	0.04270051
10.12	0.00405225	0.0414037
10.124	0.00385879	0.0410425
10.128	0.00358426	0.04036699
10.132	0.00296093	0.0394467
10.136	0.00276326	0.03899798
10.14	0.00257099	0.03837287
10.144	0.00197384	0.03797251
10.148	0.00146154	0.03810615
10.152	0.00129494	0.03858468
10.156	0.00126195	0.03976367
10.16	0.0010436	0.0399182
10.164	0.00102338	0.0390265
10.168	0.00109455	0.0384404
10.172	0.00098731	0.0374862
10.176	0.00068758	0.03605433
10.18	0.00061076	0.03636576
10.184	0.0005494	0.0368614
10.188	0.00034286	0.03607202
10.192	0.00035181	0.03636444
10.196	0.00041532	0.0361486
10.2	0.00035458	0.03450917
10.204	0.00047554	0.03459595
10.208	0.00065475	0.03526854
10.212	0.00064871	0.03474773
10.216	0.00106113	0.0372448
10.22	0.00156363	0.04062321
10.224	0.00169784	0.04108645
10.228	0.00261435	0.04316733
10.232	0.0047854	0.04758819
10.236	0.00638864	0.04667538
10.24	0.00785097	0.04494165
10.244	0.00974913	0.04680696
10.248	0.01034967	0.04642566
10.252	0.00889287	0.0434604
10.256	0.00833242	0.04563307
10.26	0.00808125	0.05002807
10.264	0.00729534	0.0504264
10.268	0.00691928	0.05094814
10.272	0.00718478	0.0524553
10.276	0.00636514	0.05102861
10.28	0.00515944	0.0479342
10.284	0.00425031	0.04736907
10.288	0.00379573	0.04929061
10.292	0.00326928	0.04912743
10.296	0.00315108	0.04736795
10.3	0.00306503	0.04489862
10.304	0.00302446	0.04280408
10.308	0.00225034	0.03693917
10.312	0.00172751	0.03274644
10.316	0.0015139	0.03170982
10.32	0.00138077	0.0314009
10.324	0.00094692	0.02939422
10.328	0.00103124	0.03012275
10.332	0.00121977	0.03225444
10.336	0.00114697	0.0331621
10.34	0.00099219	0.03332441
10.344	0.00093774	0.03396224
10.348	0.00074298	0.03392227
10.352	0.00034161	0.03190485
10.356	-2.26E-05	0.02885947
10.36	-0.0002912	0.02638723
10.364	-0.00049	0.02488569
10.368	-0.0007167	0.02266463
10.372	-0.0008715	0.02076031
10.376	-0.0009595	0.01993944
10.38	-0.0010385	0.01958965
10.384	-0.0011804	0.01834026
10.388	-0.0012722	0.0174679
10.392	-0.0013129	0.01706903
10.396	-0.001363	0.01675117
10.4	-0.0014216	0.01599596
10.404	-0.0014136	0.01622389
10.408	-0.0013528	0.01745711
10.412	-0.0012843	0.0188086
10.416	-0.0012156	0.02009888
10.42	-0.0011565	0.02150023
10.424	-0.0010705	0.02243778
10.428	-0.0010237	0.02200941
10.432	-0.000988	0.0212813
10.436	-0.0009616	0.02058695
10.44	-0.0008687	0.02064561
10.444	-0.0007877	0.02068877
10.448	-0.0006395	0.02212078
10.452	0.00075861	0.02602167
10.456	0.0022259	0.03066986
10.46	0.00370116	0.03565719
10.464	0.00501605	0.04004593
10.468	0.00624892	0.04275496
10.472	0.00567277	0.04197306
10.476	0.00505975	0.04142064
10.48	0.00433752	0.03959669
10.484	0.00365642	0.03798287
10.488	0.00300763	0.03713952
10.492	0.00274379	0.0357076
10.496	0.00233879	0.03346497
10.5	0.00185128	0.03089259
10.504	0.00133377	0.02872745
10.508	0.00079656	0.02673827
10.512	0.00067702	0.02632377
10.516	0.00071792	0.02621495
10.52	0.00077458	0.02636975
10.524	0.00081772	0.02678118
10.528	0.00682238	0.02792879
10.532	0.01678176	0.03009625
10.536	0.02655305	0.03206147
10.54	0.03632012	0.03446713
10.544	0.04604828	0.03684462
10.548	0.04404455	0.0374959
10.552	0.0343104	0.03593005
10.556	0.02448752	0.03420183
10.56	0.01461025	0.03274621
10.564	0.00468446	0.03136486
10.568	0.00069038	0.03033394
10.572	0.0006181	0.02996165
10.576	0.00061165	0.02984231
10.58	0.0005992	0.02979
10.584	0.00058959	0.02968572
10.588	0.00057234	0.02888821
10.592	0.00051596	0.02770195
10.596	0.00043132	0.02651765
10.6	0.00033699	0.02536047
10.604	0.00024275	0.0243622
10.608	0.00015865	0.02433305
10.612	0.000106	0.02493524
10.616	6.11E-05	0.02555704
10.62	2.40E-05	0.02629885
10.624	-1.03E-05	0.02700159
10.628	-7.12E-05	0.0270832
10.632	-0.0001179	0.02617561
10.636	-0.000228	0.02487944
10.64	-0.0003335	0.0237307
10.644	-0.0004252	0.02260117
10.648	-0.0005166	0.0217707
10.652	-0.0005784	0.02165803
10.656	-0.0006197	0.02139552
10.66	-0.0006766	0.02126753
10.664	-0.0007392	0.02113641
10.668	-0.000797	0.02102301
10.672	-0.0008653	0.0207372
10.676	-0.0008903	0.02061009
10.68	-0.0009539	0.02016749
10.684	-0.0010014	0.01984628
10.688	-0.001051	0.01950573
10.692	-0.0010983	0.01931166
10.696	-0.0011053	0.0194245
10.7	-0.0011498	0.01888763
10.704	-0.0011947	0.01861492
10.708	-0.0012343	0.01842554
10.712	-0.0012638	0.01818064
10.716	-0.0013087	0.01807077
10.72	-0.0013122	0.01820344
10.724	-0.001362	0.01790687
10.728	-0.0014	0.01772405
10.732	-0.0014475	0.01755134
10.736	-0.001493	0.01737491
10.74	-0.0015243	0.01750711
10.744	-0.0015645	0.01722974
10.748	-0.0015641	0.01725437
10.752	-0.0015548	0.01761056
10.756	-0.0015338	0.01792667
10.76	-0.0015019	0.01825141
10.764	-0.0014344	0.01896713
10.768	-0.0014438	0.01855182
10.772	-0.0014935	0.01786187
10.776	-0.001551	0.01720409
10.78	-0.0016197	0.01659817
10.784	-0.001693	0.01614991
10.788	-0.0017093	0.01658327
10.792	0.00011135	0.01786498
10.796	0.00696991	0.02133042
10.8	0.01374474	0.0253778
10.804	0.02040264	0.02957827
10.808	0.02697924	0.03337537
10.812	0.03012005	0.03465503
10.816	0.02364253	0.03069093
10.82	0.01705088	0.02639525
10.824	0.01034896	0.02278597
10.828	0.00974242	0.02152712
10.832	0.01162046	0.02238126
10.836	0.01849066	0.02609026
10.84	0.02526941	0.03017644
10.844	0.03192111	0.0336395
10.848	0.02657577	0.03245241
10.852	0.01988234	0.02960804
10.856	0.01307861	0.02564712
10.86	0.0061163	0.02160113
10.864	-0.0009496	0.01797927
10.868	-0.0017509	0.01643191
10.872	-0.0016013	0.01677489
10.876	-0.0013919	0.0178375
10.88	-0.0011703	0.01920887
10.884	-0.0009417	0.02072574
10.888	-0.0007689	0.02170209
10.892	-0.0009725	0.02029596
10.896	-0.0011932	0.01880958
10.9	-0.0014075	0.0173111
10.904	-0.0016281	0.01582213
10.908	-0.0018188	0.01461222
10.912	-0.0017897	0.01451621
10.916	-0.0017908	0.01448866
10.92	-0.001795	0.01454679
10.924	-0.0017305	0.01531378
10.928	-0.0016394	0.0164363
10.932	-0.0015465	0.01760895
10.936	-0.0014491	0.01872977
10.94	-0.0013473	0.01971168
10.944	-0.0013929	0.01929099
10.948	-0.0014834	0.01821183
10.952	-0.0015929	0.01713676
10.956	-0.0016912	0.01611411
10.96	-0.0017849	0.01517145
10.964	-0.0017952	0.01501819
10.968	-0.0017598	0.01540724
10.972	-0.00174	0.01610085
10.976	-0.001725	0.0168882
10.98	-0.0017104	0.01810424
10.984	0.00692698	0.01936252
10.988	0.02165401	0.02081235
10.992	0.03635509	0.02233797
10.996	0.05101804	0.02410077
11	0.06569195	0.02530566
11.004	0.06330192	0.02475014
11.008	0.04875151	0.02262996
11.012	0.03409607	0.02073107
11.016	0.01957497	0.01951254
11.02	0.0054716	0.01958888
11.024	3.35E-05	0.02008642
11.028	0.00075815	0.02130579
11.032	0.0014747	0.02236021
11.036	0.00168378	0.02255878
11.04	0.00095811	0.02124843
11.044	0.00021307	0.01990958
11.048	-0.0005459	0.01809586
11.052	-0.001298	0.01647547
11.056	-0.0018062	0.01535824
11.06	-0.0018068	0.01505581
11.064	-0.0018057	0.01482526
11.068	-0.0017952	0.0148852
11.072	-0.0017746	0.01499407
11.076	-0.0017537	0.01511641
11.08	-0.0017328	0.01516127
11.084	-0.0017047	0.01510841
11.088	-0.0016775	0.01495229
11.092	-0.0016571	0.01481759
11.096	-0.0016443	0.01469877
11.1	-0.001646	0.01463026
11.104	-0.0016393	0.0145897
11.108	-0.0016338	0.01460708
11.112	-0.0016373	0.01461317
11.116	-0.0016488	0.01467273
11.12	-0.0016557	0.01486371
11.124	-0.0016193	0.01562357
11.128	-0.0015878	0.01641081
11.132	-0.0015496	0.01719259
11.136	-0.0015052	0.0179853
11.14	-0.0014741	0.01867889
11.144	-0.0015104	0.01830658
11.148	-0.0015532	0.01793149
11.152	-0.0015793	0.01751261
11.156	-0.0016141	0.01695593
11.16	-0.001645	0.01623111
11.164	-0.0016296	0.01593014
11.168	-0.0016236	0.01557272
11.172	-0.0016248	0.01524515
11.176	-0.0016385	0.01499523
11.18	-0.0016557	0.01490419
11.184	-0.0016837	0.01488772
11.188	-0.0017097	0.01492923
11.192	-0.0017443	0.0149909
11.196	-0.0017592	0.01505432
11.2	-0.0017169	0.01535337
11.204	-0.0013446	0.01692389
11.208	-0.0009776	0.01857608
11.212	-0.0006141	0.02032164
11.216	-0.000247	0.02255886
11.22	6.66E-05	0.0250862
11.224	-0.0001808	0.0250137
11.228	-0.0004147	0.0248111
11.232	-0.0006377	0.02454556
11.236	-0.0003204	0.02511925
11.24	0.00014583	0.02524083
11.244	0.00088086	0.02675487
11.248	0.00157157	0.02869051
11.252	0.00570714	0.03170789
11.256	0.02129032	0.0320859
11.26	0.03654218	0.03278869
11.264	0.05179165	0.03371314
11.268	0.06710262	0.03421896
11.272	0.07577489	0.03170929
11.276	0.05979835	0.028788
11.28	0.04384308	0.02516171
11.284	0.0277017	0.02184617
11.288	0.01137968	0.01931781
11.292	-0.001479	0.01832692
11.296	0.00054703	0.01917538
11.3	0.00514956	0.02317484
11.304	0.0096085	0.02780913
11.308	0.01397653	0.03338249
11.312	0.01819344	0.03897451
11.316	0.0185868	0.0403031
11.32	0.01436457	0.03651273
11.324	0.01008848	0.03234834
11.328	0.00561555	0.02698906
11.332	0.00148146	0.02355354
11.336	-0.0002708	0.02333685
11.34	0.00050629	0.02538747
11.344	0.0012708	0.02770946
11.348	0.00206121	0.03065486
11.352	0.00194681	0.03024852
11.356	0.0011723	0.02727675
11.36	0.00035511	0.02442071
11.364	0.00081434	0.02337534
11.368	0.00367681	0.02527784
11.372	0.00696594	0.02930342
11.376	0.01046174	0.03484388
11.38	0.01382811	0.04030236
11.384	0.01487063	0.04173852
11.388	0.01156134	0.03664685
11.392	0.00813775	0.0310035
11.396	0.0045686	0.02547218
11.4	0.00082876	0.0205641
11.404	-0.0016868	0.01759475
11.408	-0.0017129	0.01742001
11.412	-0.0017239	0.01759979
11.416	-0.0017333	0.01783472
11.42	-0.001747	0.01762376
11.424	-0.0017618	0.01738602
11.428	-0.0017611	0.01712785
11.432	-0.0017676	0.01688297
11.436	-0.0017673	0.0166592
11.44	-0.0017489	0.01666946
11.444	-0.0017224	0.01672018
11.448	-0.0016949	0.01683873
11.452	-0.0016606	0.01706752
11.456	-0.0016201	0.01770597
11.46	0.00632861	0.01889457
11.464	0.02015042	0.02098137
11.468	0.03388615	0.0236436
11.472	0.04751117	0.02655808
11.476	0.06109953	0.02893371
11.48	0.05919759	0.02875489
11.484	0.04567762	0.02616857
11.488	0.03204869	0.02330408
11.492	0.01828329	0.02074497
11.496	0.00439416	0.01889829
11.5	-0.0015975	0.01779777
11.504	-0.0016102	0.01733724
11.508	-0.0016062	0.01718131
11.512	-0.0016037	0.01712229
11.516	-0.0016129	0.01711788
11.52	-0.0016137	0.01713803
11.524	-0.0016332	0.01724956
11.528	-0.0016678	0.01742834
11.532	-0.0017054	0.01773968
11.536	-0.0005624	0.01941729
11.54	0.00305136	0.02354036
11.544	0.0069324	0.02943716
11.548	0.0107744	0.03641658
11.552	0.01442383	0.04358009
11.556	0.01590724	0.04772903
11.56	0.01308057	0.04599458
11.564	0.00973341	0.0406033
11.568	0.00596077	0.03368072
11.572	0.00195975	0.02697692
11.576	-0.0010675	0.02187378
11.58	-0.0016697	0.0192776
11.584	-0.0018753	0.01832527
11.588	-0.001884	0.01818099
11.592	-0.0018892	0.01814245
11.596	-0.0018762	0.01811548
11.6	-0.0018643	0.01807589
11.604	-0.001841	0.01804402
11.608	-0.0018245	0.01803085
11.612	-0.0017974	0.01804034
11.616	-0.0017432	0.01836192
11.62	-0.0016906	0.01875403
11.624	-0.001645	0.01917668
11.628	-0.0015753	0.01968885
11.632	-0.0012955	0.02083119
11.636	-0.0010758	0.02140856
11.64	-0.0008485	0.0218845
11.644	-0.0006288	0.02233438
11.648	-0.0004714	0.02263068
11.652	-0.000731	0.02159595
11.656	-0.0009893	0.02086077
11.66	-0.0012463	0.0201984
11.664	-0.0015078	0.01958449
11.668	-0.0017353	0.01909814
11.672	-0.0017447	0.01936604
11.676	-0.0017599	0.01983969
11.68	-0.001752	0.02099606
11.684	0.00533082	0.02441947
11.688	0.01689967	0.0302233
11.692	0.02818013	0.03706572
11.696	0.03911676	0.04452101
11.7	0.04983724	0.05231342
11.704	0.04758244	0.05489777
11.708	0.04191893	0.05405368
11.712	0.04511982	0.0551563
11.716	0.0710974	0.05477215
11.72	0.09720115	0.05599614
11.724	0.12943838	0.05945455
11.728	0.15629411	0.06090451
11.732	0.16695269	0.05286758
11.736	0.13116004	0.04447282
11.74	0.09409855	0.03472519
11.744	0.05608524	0.02879084
11.748	0.02280977	0.02714201
11.752	0.00526159	0.02888365
11.756	0.02224468	0.0275598
11.76	0.03973869	0.0293561
11.764	0.05709248	0.03215283
11.768	0.07438988	0.03476329
11.772	0.07924592	0.0346881
11.776	0.06208119	0.03215951
11.78	0.04481045	0.0285953
11.784	0.0273422	0.02543187
11.788	0.00969189	0.02317172
11.792	-0.0016155	0.02199967
11.796	-0.0016616	0.02101795
11.8	-0.0016737	0.02075056
11.804	-0.0016901	0.02066918
11.808	-0.001717	0.02076492
11.812	-0.0017619	0.02092039
11.816	-0.0018071	0.02100189
11.82	-0.0018492	0.0210911
11.824	-0.0018773	0.02116881
11.828	-0.0018906	0.02106818
11.832	-0.001882	0.0209331
11.836	-0.0018546	0.02084244
11.84	-0.001834	0.02077135
11.844	-0.0018256	0.02072643
11.848	-0.0018347	0.02080299
11.852	-0.0018536	0.02095037
11.856	-0.0018821	0.02128661
11.86	-0.0011867	0.02354793
11.864	9.42E-05	0.02756752
11.868	0.00132608	0.03181889
11.872	0.0024797	0.03624578
11.876	0.0035903	0.04052539
11.88	0.00349539	0.04084733
11.884	0.00257199	0.03909681
11.888	0.00607887	0.04040973
11.892	0.01517132	0.04444543
11.896	0.02407234	0.04933131
11.9	0.03318552	0.0566667
11.904	0.04227324	0.06291794
11.908	0.04360607	0.0605397
11.912	0.03434463	0.05111522
11.916	0.02461992	0.04175003
11.92	0.01440814	0.0332583
11.924	0.00400857	0.02705471
11.928	-0.001929	0.02429804
11.932	-0.0019218	0.02389444
11.936	-0.0019121	0.02351623
11.94	-0.0018981	0.02314564
11.944	-0.0018947	0.02284436
11.948	-0.0018857	0.02272711
11.952	-0.0017724	0.02373303
11.956	-0.0016587	0.02520368
11.96	-0.001552	0.02675948
11.964	-0.0014488	0.02827273
11.968	-0.0013577	0.0294963
11.972	-0.0014381	0.0284766
11.976	-0.0015226	0.02703869
11.98	-0.0016161	0.02557813
11.984	-0.0017174	0.02414534
11.988	-0.0018223	0.02284557
11.992	-0.0018316	0.02268685
11.996	-0.0018324	0.02273545
12	-0.0018399	0.02281039
12.004	-0.001844	0.02290198
12.008	-0.0018542	0.0230091
12.012	-0.0018591	0.02306865
12.016	-0.0018554	0.02316181
12.02	-0.0018464	0.02327294
12.024	-0.0018392	0.02340553
12.028	-0.0018315	0.02356164
12.032	-0.0018196	0.02371677
12.036	-0.001812	0.02389134
12.04	-0.0018014	0.0240741
12.044	-0.0017922	0.02424907
12.048	-0.0017886	0.02452035
12.052	-0.0018002	0.0249962
12.056	-0.001813	0.02581384
12.06	-0.0017762	0.02754445
12.064	0.00528738	0.0321683
12.068	0.01768481	0.04007088
12.072	0.02962645	0.05020821
12.076	0.04094173	0.06193181
12.08	0.0517809	0.07268392
12.084	0.05042611	0.07421713
12.088	0.03961787	0.06690106
12.092	0.02855588	0.05693561
12.096	0.0168138	0.04617559
12.1	0.00685308	0.03887178
12.104	0.00902538	0.03747554
12.108	0.01671437	0.03973093
12.112	0.02435846	0.04377956
12.116	0.03189338	0.04892598
12.12	0.03471608	0.0505162
12.124	0.02721883	0.04576392
12.128	0.01958024	0.04035363
12.132	0.01173569	0.03525766
12.136	0.00370875	0.03070534
12.14	-0.0019076	0.02810519
12.144	-0.0019273	0.02794558
12.148	-0.0019199	0.02796571
12.152	-0.0019128	0.02825686
12.156	-0.0019037	0.02853478
12.16	-0.0018907	0.02846551
12.164	-0.001889	0.02839377
12.168	-0.001879	0.02845397
12.172	-0.0018698	0.02808171
12.176	-0.0018398	0.02802939
12.18	-0.0018236	0.02820553
12.184	-0.0018065	0.02838796
12.188	-0.0017898	0.02858385
12.192	-0.0017809	0.0288732
12.196	-0.0017841	0.02877049
12.2	-0.0017695	0.02898393
12.204	-0.0017623	0.02925356
12.208	-0.0017621	0.02955814
12.212	-0.0017718	0.02996601
12.216	-0.0017946	0.03021055
12.22	-0.0018072	0.03021057
12.224	-0.0018045	0.03051174
12.228	-0.0017873	0.03084451
12.232	-0.0017512	0.03134626
12.236	-0.001713	0.03214784
12.24	-0.0017148	0.03243508
12.244	-0.0016807	0.03293899
12.248	-0.0016251	0.03402362
12.252	-0.0015775	0.03502305
12.256	-0.001494	0.03674334
12.26	0.00500511	0.0419553
12.264	0.01396288	0.04850682
12.268	0.02476126	0.05710463
12.272	0.04425766	0.06963899
12.276	0.06268958	0.08361515
12.28	0.06995998	0.08845527
12.284	0.07319774	0.08702761
12.288	0.07323552	0.07903126
12.292	0.05478901	0.06548417
12.296	0.03515323	0.05305065
12.3	0.02078919	0.04573053
12.304	0.00876421	0.04145071
12.308	-0.0010904	0.03955199
12.312	-0.0012395	0.03745916
12.316	-0.0011752	0.03729023
12.32	-0.001122	0.03739196
12.324	-0.0010811	0.03772145
12.328	-0.0010376	0.03828125
12.332	-0.0009268	0.03950174
12.336	-0.0010593	0.03873405
12.34	-0.0009978	0.03924167
12.344	-0.0009444	0.04003731
12.348	-0.000879	0.04145706
12.352	0.00069969	0.04554767
12.356	0.01848442	0.05176711
12.36	0.04007436	0.06060529
12.364	0.06084025	0.07323979
12.368	0.0805273	0.08715558
12.372	0.09776322	0.09573157
12.376	0.08574934	0.09380017
12.38	0.06653584	0.08201613
12.384	0.04634167	0.06803532
12.388	0.02519659	0.05861742
12.392	0.00518629	0.05421529
12.396	0.00124613	0.05191622
12.4	0.00193973	0.05285035
12.404	0.00276789	0.0544773
12.408	0.00284085	0.05297561
12.412	0.00218847	0.05121964
12.416	0.00151268	0.04966171
12.42	0.00081385	0.04916671
12.424	0.00051395	0.0512924
12.428	0.02062054	0.05221272
12.432	0.04659851	0.05394462
12.436	0.08050372	0.06036673
12.44	0.11787725	0.0706858
12.444	0.15424478	0.07963423
12.448	0.15085543	0.08682697
12.452	0.13798925	0.08608489
12.456	0.11055257	0.07500897
12.46	0.07338253	0.06486676
12.464	0.03532249	0.05935359
12.468	0.01695066	0.05434654
12.472	0.00417758	0.05246373
12.476	-0.0002305	0.05243402
12.48	-0.0004929	0.05074004
12.484	-0.0004989	0.0511308
12.488	-0.0005052	0.05207148
12.492	-0.0005121	0.05390974
12.496	0.00258237	0.05796942
12.5	0.01602565	0.06565851
12.504	0.06785735	0.06083909
12.508	0.16551223	0.04574463
12.512	0.26852288	0.04050535
12.516	0.36692352	0.04066405
12.52	0.45009345	0.03809479
12.524	0.44719737	0.05320154
12.528	0.34903124	0.07554037
12.532	0.25314304	0.08472776
12.536	0.16279674	0.09687106
12.54	0.07885489	0.11035811
12.544	0.03265059	0.1151116
12.548	0.07579622	0.09676456
12.552	0.13617238	0.0829353
12.556	0.19782086	0.07425082
12.56	0.26360843	0.06905911
12.564	0.3251606	0.05607936
12.568	0.28276638	0.06298722
12.572	0.21357434	0.06300627
12.576	0.14636937	0.06250616
12.58	0.09987189	0.06514061
12.584	0.0606135	0.07588885
12.588	0.06942128	0.07379585
12.592	0.09222361	0.0744052
12.596	0.11170455	0.07587105
12.6	0.09033381	0.08044118
12.604	0.0673827	0.08371639
12.608	0.04678382	0.0925656
12.612	0.03155142	0.10879775
12.616	0.0280264	0.13494397
12.62	0.04427401	0.16914558
12.624	0.05708655	0.20527704
12.628	0.06903394	0.22410702
12.632	0.08136123	0.2114286
12.636	0.08041867	0.16853811
12.64	0.06664405	0.12108574
12.644	0.04556259	0.08701298
12.648	0.02255018	0.06624425
12.652	0.00410881	0.05522461
12.656	-0.0015851	0.05032829
12.66	-0.0015836	0.04912865
12.664	-0.0015888	0.04807308
12.668	-0.0015872	0.04766326
12.672	-0.0015476	0.04799861
12.676	-0.0015529	0.04828373
12.68	-0.0015444	0.04901356
12.684	-0.0015006	0.05035473
12.688	-0.0014759	0.05094334
12.692	-0.0014531	0.0514262
12.696	-0.001365	0.05265995
12.7	-0.0012753	0.05326674
12.704	-0.0012254	0.05377814
12.708	-0.0011557	0.05510298
12.712	-0.0011085	0.05638543
12.716	-0.0011195	0.0570569
12.72	-0.0008843	0.06032527
12.724	-0.000169	0.06679569
12.728	0.01400419	0.07451158
12.732	0.07611533	0.06867242
12.736	0.1463016	0.07047957
12.74	0.21637803	0.07481725
12.744	0.28671798	0.07845371
12.748	0.33310838	0.07079897
12.752	0.27419938	0.08010108
12.756	0.20414156	0.07529524
12.76	0.13398317	0.07298881
12.764	0.06403441	0.07382537
12.768	0.00798665	0.07871027
12.772	-6.62E-06	0.07128165
12.776	-0.0002452	0.06720155
12.78	-0.0003869	0.06499186
12.784	-0.0002425	0.06525144
12.788	-2.67E-05	0.0654712
12.792	-0.0001727	0.06332202
12.796	-0.0001807	0.062883
12.8	-9.57E-05	0.06321508
12.804	-0.0001531	0.06353833
12.808	-0.0002515	0.0646673
12.812	0.00107928	0.06897999
12.816	0.01931047	0.07011494
12.82	0.03855838	0.07376378
12.824	0.05764177	0.07986685
12.828	0.07629464	0.08742362
12.832	0.0927828	0.09093366
12.836	0.07569551	0.09333915
12.84	0.05709755	0.09003517
12.844	0.03823328	0.0845352
12.848	0.01959225	0.08256881
12.852	0.0224079	0.08109739
12.856	0.06747599	0.07583755
12.86	0.11393058	0.07785962
12.864	0.15978358	0.08494148
12.868	0.20541998	0.08618306
12.872	0.20983387	0.08776444
12.876	0.17765608	0.0942616
12.88	0.1606245	0.09639227
12.884	0.14364579	0.09829409
12.888	0.12658506	0.10499732
12.892	0.13029011	0.10637648
12.896	0.13094666	0.0992035
12.9	0.10254168	0.09371585
12.904	0.07388606	0.08871701
12.908	0.0447072	0.08423868
12.912	0.01533667	0.08337815
12.916	0.0009701	0.08353414
12.92	0.00094852	0.080646
12.924	0.00063506	0.07811108
12.928	0.00058362	0.07796243
12.932	0.00060461	0.07837694
12.936	0.0003273	0.07866269
12.94	0.00027309	0.08031314
12.944	0.00047172	0.08279306
12.948	0.00031732	0.08292807
12.952	0.00034252	0.08472209
12.956	0.0007066	0.08832768
12.96	0.00086156	0.09207975
12.964	0.0009004	0.09559427
12.968	0.00954619	0.1014924
12.972	0.02437422	0.10490628
12.976	0.0388763	0.10703029
12.98	0.05350366	0.11249602
12.984	0.06801755	0.12021387
12.988	0.08544309	0.12321261
12.992	0.09589066	0.12738555
12.996	0.10649634	0.13160133
13	0.11791092	0.12802356
13.004	0.12953259	0.12116273
13.008	0.1104885	0.11728348
13.012	0.08581603	0.11356687
13.016	0.06128406	0.112088
13.02	0.03723532	0.11569926
13.024	0.01337603	0.11804321
13.028	0.00831032	0.11629402
13.032	0.00947044	0.11493698
13.036	0.01031646	0.11558084
13.04	0.01016943	0.11441506
13.044	0.01014691	0.1151163
13.048	0.0105642	0.11751239
13.052	0.01002385	0.1156182
13.056	0.00872873	0.10990915
13.06	0.01079207	0.11065734
13.064	0.01300707	0.11398253
13.068	0.01478677	0.11716087
13.072	0.01709908	0.12420419
13.076	0.0191984	0.13009312
13.08	0.01642164	0.12463008
13.084	0.01758547	0.12188842
13.088	0.02041435	0.12313408
13.092	0.02295884	0.12368611
13.096	0.02580681	0.12620769
13.1	0.03088342	0.13377307
13.104	0.02796742	0.12933285
13.108	0.02559447	0.12322007
13.112	0.02880351	0.12438588
13.116	0.03210833	0.12822932
13.12	0.03512189	0.13210781
13.124	0.04189379	0.14330012
13.128	0.04351054	0.14916106
13.132	0.03715073	0.1454342
13.136	0.04098803	0.14570321
13.14	0.0475753	0.15079123
13.144	0.05378155	0.15705038
13.148	0.06238987	0.16548521
13.152	0.07284948	0.17049164
13.156	0.06527335	0.16261957
13.16	0.05781808	0.1532965
13.164	0.06228024	0.1474189
13.168	0.06688806	0.14694343
13.172	0.07256403	0.15263442
13.176	0.08671805	0.15968347
13.18	0.09294003	0.16035773
13.184	0.07863779	0.15997624
13.188	0.08531167	0.15680959
13.192	0.09923217	0.159345
13.196	0.11251268	0.17144785
13.2	0.12851866	0.18967098
13.204	0.15042953	0.19786114
13.208	0.13364087	0.20486464
13.212	0.12261728	0.20208764
13.216	0.13685	0.19422199
13.22	0.15219944	0.19219985
13.224	0.16836229	0.20186925
13.228	0.20151833	0.20667055
13.232	0.21849985	0.21043164
13.236	0.23453306	0.19981571
13.24	0.28692501	0.17860996
13.244	0.35691764	0.16582596
13.248	0.45383951	0.16887238
13.252	0.54402852	0.18711125
13.256	0.55240869	0.22462424
13.26	0.49130828	0.25010931
13.264	0.42363274	0.24533916
13.268	0.34817581	0.23097132
13.272	0.27667994	0.23552034
13.276	0.26227467	0.24620274
13.28	0.28673216	0.24580868
13.284	0.30543938	0.23859057
13.288	0.27396264	0.24744735
13.292	0.27768724	0.23854173
13.296	0.28285542	0.22490681
13.3	0.27791458	0.22789596
13.304	0.28192639	0.24163778
13.308	0.32203111	0.2336889
13.312	0.29318002	0.24209046
13.316	0.23684637	0.25483187
13.32	0.23775739	0.24190091
13.324	0.24981637	0.23552598
13.328	0.2624108	0.24736776
13.332	0.30914505	0.24890448
13.336	0.36378283	0.23409468
13.34	0.31223202	0.25550911
13.344	0.28277209	0.25380769
13.348	0.3135752	0.22448266
13.352	0.35212526	0.21506671
13.356	0.40013392	0.22571733
13.36	0.50128924	0.20779242
13.364	0.5265736	0.20338837
13.368	0.42421969	0.24417602
13.372	0.36899774	0.24406271
13.376	0.35635003	0.22924156
13.38	0.34564379	0.23966123
13.384	0.37602749	0.25299235
13.388	0.4612066	0.22949236
13.392	0.44346901	0.23960498
13.396	0.35512618	0.27183219
13.4	0.33782112	0.26139621
13.404	0.35353264	0.24649971
13.408	0.4032015	0.24993117
13.412	0.53872244	0.24851446
13.416	0.69196022	0.24396118
13.42	0.70099183	0.30841367
13.424	0.67690495	0.36561291
13.428	0.69872775	0.35575083
13.432	0.68976915	0.33493455
13.436	0.68412746	0.34583277
13.44	0.71727686	0.32643813
13.444	0.71082757	0.29725919
13.448	0.56338015	0.33728487
13.452	0.46050506	0.35815803
13.456	0.44145439	0.34395106
13.46	0.46851755	0.34425341
13.464	0.56550478	0.35211159
13.468	0.84355434	0.29980557
13.472	1.14565844	0.28259897
13.476	1.26858969	0.41476867
13.48	1.42380282	0.5462252
13.484	1.6924611	0.61434137
13.488	1.82499835	0.69047659
13.492	1.80015961	0.73338861
13.496	1.92077269	0.48575293
13.5	1.73835509	0.32483092
13.504	1.24235339	0.42943222
13.508	0.85698379	0.54064255
13.512	0.68899262	0.57469341
13.516	0.60060412	0.60765275
13.52	0.59113728	0.61296883
13.524	0.67274488	0.5582497
13.528	0.69438218	0.51408451
13.532	0.56116423	0.54731585
13.536	0.47501855	0.55885414
13.54	0.46651706	0.5571056
13.544	0.47881899	0.56975321
13.548	0.55456824	0.55958376
13.552	0.70691903	0.50942356
13.556	0.73176327	0.51100385
13.56	0.59589497	0.56596852
13.564	0.50901302	0.5859326
13.568	0.50119966	0.59463688
13.572	0.51294572	0.61579014
13.576	0.59370218	0.60130965
13.58	0.75632317	0.53117263
13.584	0.78941448	0.51019044
13.588	0.65071836	0.54598146
13.592	0.55180255	0.555601
13.596	0.538449	0.55490682
