# 2012-12-14T21:58:14.275354
# micron, W/cm2/um
# /home/msk/.mskpy/data/wehrli85_smoothed0.005.txt
# 9.4e 9.4e
#
1.9950e-01 9.1401e-04 
2.0050e-01 9.7380e-04 
2.0150e-01 1.0465e-03 
2.0250e-01 1.1344e-03 
2.0350e-01 1.2398e-03 
2.0450e-01 1.3644e-03 
2.0550e-01 1.5093e-03 
2.0650e-01 1.6747e-03 
2.0750e-01 1.8595e-03 
2.0850e-01 2.0612e-03 
2.0950e-01 2.2762e-03 
2.1050e-01 2.5002e-03 
2.1150e-01 2.7286e-03 
2.1250e-01 2.9570e-03 
2.1350e-01 3.1819e-03 
2.1450e-01 3.4005e-03 
2.1550e-01 3.6107e-03 
2.1650e-01 3.8111e-03 
2.1750e-01 4.0005e-03 
2.1850e-01 4.1772e-03 
2.1950e-01 4.3397e-03 
2.2050e-01 4.4858e-03 
2.2150e-01 4.6138e-03 
2.2250e-01 4.7221e-03 
2.2350e-01 4.8100e-03 
2.2450e-01 4.8778e-03 
2.2550e-01 4.9269e-03 
2.2650e-01 4.9597e-03 
2.2750e-01 4.9791e-03 
2.2850e-01 4.9884e-03 
2.2950e-01 4.9908e-03 
2.3050e-01 4.9895e-03 
2.3150e-01 4.9874e-03 
2.3250e-01 4.9874e-03 
2.3350e-01 4.9918e-03 
2.3450e-01 5.0032e-03 
2.3550e-01 5.0232e-03 
2.3650e-01 5.0531e-03 
2.3750e-01 5.0931e-03 
2.3850e-01 5.1422e-03 
2.3950e-01 5.1983e-03 
2.4050e-01 5.2586e-03 
2.4150e-01 5.3205e-03 
2.4250e-01 5.3820e-03 
2.4350e-01 5.4433e-03 
2.4450e-01 5.5070e-03 
2.4550e-01 5.5795e-03 
2.4650e-01 5.6700e-03 
2.4750e-01 5.7908e-03 
2.4850e-01 5.9558e-03 
2.4950e-01 6.1793e-03 
2.5050e-01 6.4746e-03 
2.5150e-01 6.8529e-03 
2.5250e-01 7.3225e-03 
2.5350e-01 7.8889e-03 
2.5450e-01 8.5550e-03 
2.5550e-01 9.3220e-03 
2.5650e-01 1.0190e-02 
2.5750e-01 1.1157e-02 
2.5850e-01 1.2219e-02 
2.5950e-01 1.3365e-02 
2.6050e-01 1.4581e-02 
2.6150e-01 1.5838e-02 
2.6250e-01 1.7103e-02 
2.6350e-01 1.8330e-02 
2.6450e-01 1.9472e-02 
2.6550e-01 2.0480e-02 
2.6650e-01 2.1312e-02 
2.6750e-01 2.1940e-02 
2.6850e-01 2.2351e-02 
2.6950e-01 2.2550e-02 
2.7050e-01 2.2561e-02 
2.7150e-01 2.2424e-02 
2.7250e-01 2.2187e-02 
2.7350e-01 2.1910e-02 
2.7450e-01 2.1651e-02 
2.7550e-01 2.1470e-02 
2.7650e-01 2.1421e-02 
2.7750e-01 2.1554e-02 
2.7850e-01 2.1910e-02 
2.7950e-01 2.2523e-02 
2.8050e-01 2.3416e-02 
2.8150e-01 2.4602e-02 
2.8250e-01 2.6083e-02 
2.8350e-01 2.7846e-02 
2.8450e-01 2.9863e-02 
2.8550e-01 3.2087e-02 
2.8650e-01 3.4454e-02 
2.8750e-01 3.6886e-02 
2.8850e-01 3.9291e-02 
2.8950e-01 4.1576e-02 
2.9050e-01 4.3656e-02 
2.9150e-01 4.5462e-02 
2.9250e-01 4.6955e-02 
2.9350e-01 4.8127e-02 
2.9450e-01 4.9007e-02 
2.9550e-01 4.9653e-02 
2.9650e-01 5.0146e-02 
2.9750e-01 5.0578e-02 
2.9850e-01 5.1040e-02 
2.9950e-01 5.1612e-02 
3.0050e-01 5.2346e-02 
3.0150e-01 5.3270e-02 
3.0250e-01 5.4374e-02 
3.0350e-01 5.5627e-02 
3.0450e-01 5.6975e-02 
3.0550e-01 5.8363e-02 
3.0650e-01 5.9742e-02 
3.0750e-01 6.1076e-02 
3.0850e-01 6.2347e-02 
3.0950e-01 6.3549e-02 
3.1000e-01 6.4126e-02 
3.1040e-01 6.4575e-02 
3.1080e-01 6.5015e-02 
3.1120e-01 6.5447e-02 
3.1160e-01 6.5869e-02 
3.1200e-01 6.6285e-02 
3.1240e-01 6.6693e-02 
3.1280e-01 6.7094e-02 
3.1320e-01 6.7490e-02 
3.1360e-01 6.7880e-02 
3.1400e-01 6.8266e-02 
3.1440e-01 6.8648e-02 
3.1480e-01 6.9028e-02 
3.1520e-01 6.9405e-02 
3.1560e-01 6.9782e-02 
3.1600e-01 7.0160e-02 
3.1640e-01 7.0539e-02 
3.1680e-01 7.0922e-02 
3.1720e-01 7.1309e-02 
3.1760e-01 7.1704e-02 
3.1800e-01 7.2107e-02 
3.1840e-01 7.2521e-02 
3.1880e-01 7.2948e-02 
3.1920e-01 7.3390e-02 
3.1960e-01 7.3848e-02 
3.2000e-01 7.4325e-02 
3.2040e-01 7.4823e-02 
3.2080e-01 7.5343e-02 
3.2120e-01 7.5886e-02 
3.2160e-01 7.6453e-02 
3.2200e-01 7.7044e-02 
3.2240e-01 7.7660e-02 
3.2280e-01 7.8300e-02 
3.2320e-01 7.8963e-02 
3.2360e-01 7.9648e-02 
3.2400e-01 8.0352e-02 
3.2440e-01 8.1073e-02 
3.2480e-01 8.1809e-02 
3.2520e-01 8.2555e-02 
3.2560e-01 8.3308e-02 
3.2600e-01 8.4065e-02 
3.2640e-01 8.4820e-02 
3.2680e-01 8.5571e-02 
3.2720e-01 8.6311e-02 
3.2760e-01 8.7037e-02 
3.2800e-01 8.7745e-02 
3.2840e-01 8.8429e-02 
3.2880e-01 8.9086e-02 
3.2920e-01 8.9712e-02 
3.2960e-01 9.0303e-02 
3.3000e-01 9.0856e-02 
3.3040e-01 9.1367e-02 
3.3050e-01 9.1488e-02 
3.3150e-01 9.2539e-02 
3.3250e-01 9.3290e-02 
3.3350e-01 9.3742e-02 
3.3450e-01 9.3923e-02 
3.3550e-01 9.3886e-02 
3.3650e-01 9.3703e-02 
3.3750e-01 9.3451e-02 
3.3850e-01 9.3201e-02 
3.3950e-01 9.3002e-02 
3.4050e-01 9.2885e-02 
3.4150e-01 9.2862e-02 
3.4250e-01 9.2937e-02 
3.4350e-01 9.3111e-02 
3.4450e-01 9.3384e-02 
3.4550e-01 9.3753e-02 
3.4650e-01 9.4211e-02 
3.4750e-01 9.4740e-02 
3.4850e-01 9.5314e-02 
3.4950e-01 9.5899e-02 
3.5050e-01 9.6457e-02 
3.5150e-01 9.6957e-02 
3.5250e-01 9.7381e-02 
3.5350e-01 9.7733e-02 
3.5450e-01 9.8039e-02 
3.5550e-01 9.8347e-02 
3.5650e-01 9.8722e-02 
3.5750e-01 9.9231e-02 
3.5850e-01 9.9931e-02 
3.5950e-01 1.0086e-01 
3.6050e-01 1.0202e-01 
3.6150e-01 1.0338e-01 
3.6250e-01 1.0488e-01 
3.6350e-01 1.0644e-01 
3.6450e-01 1.0794e-01 
3.6550e-01 1.0929e-01 
3.6650e-01 1.1042e-01 
3.6750e-01 1.1125e-01 
3.6850e-01 1.1178e-01 
3.6950e-01 1.1201e-01 
3.7050e-01 1.1198e-01 
3.7150e-01 1.1176e-01 
3.7250e-01 1.1140e-01 
3.7350e-01 1.1095e-01 
3.7450e-01 1.1042e-01 
3.7550e-01 1.0982e-01 
3.7650e-01 1.0914e-01 
3.7750e-01 1.0836e-01 
3.7850e-01 1.0748e-01 
3.7950e-01 1.0652e-01 
3.8050e-01 1.0553e-01 
3.8150e-01 1.0458e-01 
3.8250e-01 1.0376e-01 
3.8350e-01 1.0313e-01 
3.8450e-01 1.0277e-01 
3.8550e-01 1.0271e-01 
3.8650e-01 1.0296e-01 
3.8750e-01 1.0351e-01 
3.8850e-01 1.0435e-01 
3.8950e-01 1.0549e-01 
3.9050e-01 1.0695e-01 
3.9150e-01 1.0880e-01 
3.9250e-01 1.1111e-01 
3.9350e-01 1.1397e-01 
3.9450e-01 1.1741e-01 
3.9550e-01 1.2144e-01 
3.9650e-01 1.2601e-01 
3.9750e-01 1.3097e-01 
3.9850e-01 1.3614e-01 
3.9950e-01 1.4132e-01 
4.0050e-01 1.4628e-01 
4.0150e-01 1.5084e-01 
4.0250e-01 1.5487e-01 
4.0350e-01 1.5831e-01 
4.0450e-01 1.6116e-01 
4.0550e-01 1.6347e-01 
4.0650e-01 1.6532e-01 
4.0750e-01 1.6682e-01 
4.0850e-01 1.6805e-01 
4.0950e-01 1.6908e-01 
4.1050e-01 1.6995e-01 
4.1150e-01 1.7070e-01 
4.1250e-01 1.7131e-01 
4.1350e-01 1.7179e-01 
4.1450e-01 1.7212e-01 
4.1550e-01 1.7228e-01 
4.1650e-01 1.7227e-01 
4.1750e-01 1.7209e-01 
4.1850e-01 1.7172e-01 
4.1950e-01 1.7119e-01 
4.2050e-01 1.7048e-01 
4.2150e-01 1.6962e-01 
4.2250e-01 1.6862e-01 
4.2350e-01 1.6753e-01 
4.2450e-01 1.6641e-01 
4.2550e-01 1.6532e-01 
4.2650e-01 1.6436e-01 
4.2750e-01 1.6363e-01 
4.2850e-01 1.6322e-01 
4.2950e-01 1.6321e-01 
4.3050e-01 1.6363e-01 
4.3150e-01 1.6450e-01 
4.3250e-01 1.6578e-01 
4.3350e-01 1.6742e-01 
4.3450e-01 1.6934e-01 
4.3550e-01 1.7146e-01 
4.3650e-01 1.7371e-01 
4.3750e-01 1.7601e-01 
4.3850e-01 1.7833e-01 
4.3950e-01 1.8064e-01 
4.4050e-01 1.8291e-01 
4.4150e-01 1.8513e-01 
4.4250e-01 1.8728e-01 
4.4350e-01 1.8936e-01 
4.4450e-01 1.9134e-01 
4.4550e-01 1.9320e-01 
4.4650e-01 1.9492e-01 
4.4750e-01 1.9648e-01 
4.4850e-01 1.9786e-01 
4.4950e-01 1.9904e-01 
4.5050e-01 2.0004e-01 
4.5150e-01 2.0086e-01 
4.5250e-01 2.0151e-01 
4.5350e-01 2.0202e-01 
4.5450e-01 2.0240e-01 
4.5550e-01 2.0268e-01 
4.5650e-01 2.0286e-01 
4.5750e-01 2.0297e-01 
4.5850e-01 2.0300e-01 
4.5950e-01 2.0294e-01 
4.6050e-01 2.0281e-01 
4.6150e-01 2.0260e-01 
4.6250e-01 2.0232e-01 
4.6350e-01 2.0198e-01 
4.6450e-01 2.0162e-01 
4.6550e-01 2.0126e-01 
4.6650e-01 2.0092e-01 
4.6750e-01 2.0065e-01 
4.6850e-01 2.0047e-01 
4.6950e-01 2.0038e-01 
4.7050e-01 2.0039e-01 
4.7150e-01 2.0048e-01 
4.7250e-01 2.0064e-01 
4.7350e-01 2.0083e-01 
4.7450e-01 2.0100e-01 
4.7550e-01 2.0111e-01 
4.7650e-01 2.0110e-01 
4.7750e-01 2.0094e-01 
4.7850e-01 2.0058e-01 
4.7950e-01 2.0001e-01 
4.8050e-01 1.9924e-01 
4.8150e-01 1.9830e-01 
4.8250e-01 1.9724e-01 
4.8350e-01 1.9613e-01 
4.8450e-01 1.9506e-01 
4.8550e-01 1.9410e-01 
4.8650e-01 1.9333e-01 
4.8750e-01 1.9278e-01 
4.8850e-01 1.9247e-01 
4.8950e-01 1.9238e-01 
4.9050e-01 1.9247e-01 
4.9150e-01 1.9267e-01 
4.9250e-01 1.9292e-01 
4.9350e-01 1.9316e-01 
4.9450e-01 1.9333e-01 
4.9550e-01 1.9341e-01 
4.9650e-01 1.9338e-01 
4.9750e-01 1.9325e-01 
4.9850e-01 1.9305e-01 
4.9950e-01 1.9281e-01 
5.0050e-01 1.9257e-01 
5.0150e-01 1.9235e-01 
5.0250e-01 1.9217e-01 
5.0350e-01 1.9202e-01 
5.0450e-01 1.9189e-01 
5.0550e-01 1.9174e-01 
5.0650e-01 1.9154e-01 
5.0750e-01 1.9124e-01 
5.0850e-01 1.9080e-01 
5.0950e-01 1.9022e-01 
5.1050e-01 1.8948e-01 
5.1150e-01 1.8861e-01 
5.1250e-01 1.8765e-01 
5.1350e-01 1.8665e-01 
5.1450e-01 1.8568e-01 
5.1550e-01 1.8483e-01 
5.1650e-01 1.8414e-01 
5.1750e-01 1.8366e-01 
5.1850e-01 1.8343e-01 
5.1950e-01 1.8342e-01 
5.2050e-01 1.8363e-01 
5.2150e-01 1.8399e-01 
5.2250e-01 1.8448e-01 
5.2350e-01 1.8503e-01 
5.2450e-01 1.8561e-01 
5.2550e-01 1.8617e-01 
5.2650e-01 1.8670e-01 
5.2750e-01 1.8718e-01 
5.2850e-01 1.8761e-01 
5.2950e-01 1.8796e-01 
5.3050e-01 1.8824e-01 
5.3150e-01 1.8843e-01 
5.3250e-01 1.8853e-01 
5.3350e-01 1.8854e-01 
5.3450e-01 1.8845e-01 
5.3550e-01 1.8830e-01 
5.3650e-01 1.8808e-01 
5.3750e-01 1.8783e-01 
5.3850e-01 1.8757e-01 
5.3950e-01 1.8732e-01 
5.4050e-01 1.8711e-01 
5.4150e-01 1.8695e-01 
5.4250e-01 1.8685e-01 
5.4350e-01 1.8679e-01 
5.4450e-01 1.8678e-01 
5.4550e-01 1.8679e-01 
5.4650e-01 1.8682e-01 
5.4750e-01 1.8683e-01 
5.4850e-01 1.8682e-01 
5.4950e-01 1.8677e-01 
5.5050e-01 1.8668e-01 
5.5150e-01 1.8655e-01 
5.5250e-01 1.8636e-01 
5.5350e-01 1.8612e-01 
5.5450e-01 1.8585e-01 
5.5550e-01 1.8555e-01 
5.5650e-01 1.8524e-01 
5.5750e-01 1.8495e-01 
5.5850e-01 1.8468e-01 
5.5950e-01 1.8445e-01 
5.6050e-01 1.8427e-01 
5.6150e-01 1.8413e-01 
5.6250e-01 1.8404e-01 
5.6350e-01 1.8399e-01 
5.6450e-01 1.8398e-01 
5.6550e-01 1.8399e-01 
5.6650e-01 1.8402e-01 
5.6750e-01 1.8406e-01 
5.6850e-01 1.8412e-01 
5.6950e-01 1.8419e-01 
5.7050e-01 1.8425e-01 
5.7150e-01 1.8431e-01 
5.7250e-01 1.8436e-01 
5.7350e-01 1.8438e-01 
5.7450e-01 1.8439e-01 
5.7550e-01 1.8436e-01 
5.7650e-01 1.8430e-01 
5.7750e-01 1.8420e-01 
5.7850e-01 1.8406e-01 
5.7950e-01 1.8387e-01 
5.8050e-01 1.8363e-01 
5.8150e-01 1.8332e-01 
5.8250e-01 1.8294e-01 
5.8350e-01 1.8249e-01 
5.8450e-01 1.8199e-01 
5.8550e-01 1.8145e-01 
5.8650e-01 1.8089e-01 
5.8750e-01 1.8034e-01 
5.8850e-01 1.7984e-01 
5.8950e-01 1.7938e-01 
5.9050e-01 1.7900e-01 
5.9150e-01 1.7868e-01 
5.9250e-01 1.7842e-01 
5.9350e-01 1.7820e-01 
5.9450e-01 1.7801e-01 
5.9550e-01 1.7782e-01 
5.9650e-01 1.7763e-01 
5.9750e-01 1.7742e-01 
5.9850e-01 1.7720e-01 
5.9950e-01 1.7697e-01 
6.0050e-01 1.7673e-01 
6.0150e-01 1.7647e-01 
6.0250e-01 1.7620e-01 
6.0350e-01 1.7591e-01 
6.0450e-01 1.7559e-01 
6.0550e-01 1.7524e-01 
6.0650e-01 1.7485e-01 
6.0750e-01 1.7442e-01 
6.0850e-01 1.7395e-01 
6.0950e-01 1.7346e-01 
6.1050e-01 1.7296e-01 
6.1150e-01 1.7246e-01 
6.1250e-01 1.7198e-01 
6.1350e-01 1.7153e-01 
6.1450e-01 1.7113e-01 
6.1550e-01 1.7078e-01 
6.1650e-01 1.7047e-01 
6.1750e-01 1.7020e-01 
6.1850e-01 1.6996e-01 
6.1950e-01 1.6973e-01 
6.2050e-01 1.6951e-01 
6.2150e-01 1.6930e-01 
6.2250e-01 1.6908e-01 
6.2350e-01 1.6885e-01 
6.2450e-01 1.6863e-01 
6.2550e-01 1.6840e-01 
6.2650e-01 1.6816e-01 
6.2750e-01 1.6793e-01 
6.2850e-01 1.6769e-01 
6.2950e-01 1.6743e-01 
6.3100e-01 1.6702e-01 
6.3300e-01 1.6640e-01 
6.3500e-01 1.6569e-01 
6.3700e-01 1.6491e-01 
6.3900e-01 1.6406e-01 
6.4100e-01 1.6316e-01 
6.4300e-01 1.6221e-01 
6.4500e-01 1.6118e-01 
6.4700e-01 1.6003e-01 
6.4900e-01 1.5873e-01 
6.5100e-01 1.5728e-01 
6.5300e-01 1.5582e-01 
6.5500e-01 1.5457e-01 
6.5700e-01 1.5380e-01 
6.5900e-01 1.5358e-01 
6.6100e-01 1.5377e-01 
6.6300e-01 1.5405e-01 
6.6500e-01 1.5415e-01 
6.6700e-01 1.5395e-01 
6.6900e-01 1.5348e-01 
6.7100e-01 1.5284e-01 
6.7300e-01 1.5212e-01 
6.7500e-01 1.5136e-01 
6.7700e-01 1.5059e-01 
6.7900e-01 1.4978e-01 
6.8100e-01 1.4895e-01 
6.8300e-01 1.4812e-01 
6.8500e-01 1.4733e-01 
6.8700e-01 1.4657e-01 
6.8900e-01 1.4583e-01 
6.9100e-01 1.4508e-01 
6.9300e-01 1.4428e-01 
6.9500e-01 1.4343e-01 
6.9700e-01 1.4257e-01 
6.9900e-01 1.4177e-01 
7.0100e-01 1.4106e-01 
7.0300e-01 1.4047e-01 
7.0500e-01 1.3994e-01 
7.0700e-01 1.3941e-01 
7.0900e-01 1.3880e-01 
7.1100e-01 1.3809e-01 
7.1300e-01 1.3729e-01 
7.1500e-01 1.3647e-01 
7.1700e-01 1.3571e-01 
7.1900e-01 1.3507e-01 
7.2100e-01 1.3459e-01 
7.2300e-01 1.3422e-01 
7.2500e-01 1.3386e-01 
7.2700e-01 1.3344e-01 
7.2900e-01 1.3291e-01 
7.3100e-01 1.3226e-01 
7.3300e-01 1.3152e-01 
7.3500e-01 1.3071e-01 
7.3700e-01 1.2991e-01 
7.3900e-01 1.2918e-01 
7.4100e-01 1.2858e-01 
7.4300e-01 1.2811e-01 
7.4500e-01 1.2773e-01 
7.4700e-01 1.2737e-01 
7.4900e-01 1.2697e-01 
7.5100e-01 1.2650e-01 
7.5300e-01 1.2598e-01 
7.5500e-01 1.2543e-01 
7.5700e-01 1.2484e-01 
7.5900e-01 1.2420e-01 
7.6100e-01 1.2351e-01 
7.6300e-01 1.2278e-01 
7.6500e-01 1.2204e-01 
7.6700e-01 1.2136e-01 
7.6900e-01 1.2080e-01 
7.7100e-01 1.2035e-01 
7.7300e-01 1.1998e-01 
7.7500e-01 1.1963e-01 
7.7700e-01 1.1929e-01 
7.7900e-01 1.1893e-01 
7.8100e-01 1.1856e-01 
7.8300e-01 1.1816e-01 
7.8500e-01 1.1771e-01 
7.8700e-01 1.1719e-01 
7.8900e-01 1.1661e-01 
7.9100e-01 1.1598e-01 
7.9300e-01 1.1538e-01 
7.9500e-01 1.1482e-01 
7.9700e-01 1.1432e-01 
7.9900e-01 1.1384e-01 
8.0100e-01 1.1335e-01 
8.0300e-01 1.1283e-01 
8.0500e-01 1.1231e-01 
8.0700e-01 1.1182e-01 
8.0900e-01 1.1138e-01 
8.1100e-01 1.1096e-01 
8.1300e-01 1.1052e-01 
8.1500e-01 1.1000e-01 
8.1700e-01 1.0942e-01 
8.1900e-01 1.0884e-01 
8.2100e-01 1.0830e-01 
8.2300e-01 1.0785e-01 
8.2500e-01 1.0745e-01 
8.2700e-01 1.0704e-01 
8.2900e-01 1.0659e-01 
8.3100e-01 1.0611e-01 
8.3300e-01 1.0561e-01 
8.3500e-01 1.0513e-01 
8.3700e-01 1.0466e-01 
8.3900e-01 1.0416e-01 
8.4100e-01 1.0355e-01 
8.4300e-01 1.0280e-01 
8.4500e-01 1.0187e-01 
8.4700e-01 1.0080e-01 
8.4900e-01 9.9674e-02 
8.5100e-01 9.8668e-02 
8.5300e-01 9.7947e-02 
8.5500e-01 9.7591e-02 
8.5700e-01 9.7528e-02 
8.5900e-01 9.7552e-02 
8.6100e-01 9.7453e-02 
8.6300e-01 9.7158e-02 
8.6500e-01 9.6776e-02 
8.6700e-01 9.6506e-02 
8.6900e-01 9.6473e-02 
8.7100e-01 9.6643e-02 
8.7300e-01 9.6857e-02 
8.7500e-01 9.6951e-02 
8.7700e-01 9.6846e-02 
8.7900e-01 9.6565e-02 
8.8100e-01 9.6185e-02 
8.8300e-01 9.5780e-02 
8.8500e-01 9.5387e-02 
8.8700e-01 9.5003e-02 
8.8900e-01 9.4607e-02 
8.9100e-01 9.4175e-02 
8.9300e-01 9.3684e-02 
8.9500e-01 9.3116e-02 
8.9700e-01 9.2462e-02 
8.9900e-01 9.1731e-02 
9.0100e-01 9.0947e-02 
9.0300e-01 9.0145e-02 
9.0500e-01 8.9358e-02 
9.0700e-01 8.8619e-02 
9.0900e-01 8.7948e-02 
9.1100e-01 8.7342e-02 
9.1300e-01 8.6764e-02 
9.1500e-01 8.6165e-02 
9.1700e-01 8.5513e-02 
9.1900e-01 8.4827e-02 
9.2100e-01 8.4167e-02 
9.2300e-01 8.3609e-02 
9.2500e-01 8.3191e-02 
9.2700e-01 8.2894e-02 
9.2900e-01 8.2648e-02 
9.3100e-01 8.2372e-02 
9.3300e-01 8.2013e-02 
9.3500e-01 8.1563e-02 
9.3700e-01 8.1053e-02 
9.3900e-01 8.0530e-02 
9.4100e-01 8.0027e-02 
9.4300e-01 7.9556e-02 
9.4500e-01 7.9107e-02 
9.4700e-01 7.8664e-02 
9.4900e-01 7.8229e-02 
9.5100e-01 7.7822e-02 
9.5300e-01 7.7474e-02 
9.5500e-01 7.7204e-02 
9.5700e-01 7.7009e-02 
9.5900e-01 7.6869e-02 
9.6100e-01 7.6759e-02 
9.6300e-01 7.6665e-02 
9.6500e-01 7.6585e-02 
9.6700e-01 7.6514e-02 
9.6900e-01 7.6451e-02 
9.7100e-01 7.6394e-02 
9.7300e-01 7.6353e-02 
9.7500e-01 7.6339e-02 
9.7700e-01 7.6356e-02 
9.7900e-01 7.6391e-02 
9.8100e-01 7.6420e-02 
9.8300e-01 7.6418e-02 
9.8500e-01 7.6371e-02 
9.8700e-01 7.6269e-02 
9.8900e-01 7.6110e-02 
9.9100e-01 7.5897e-02 
9.9300e-01 7.5645e-02 
9.9500e-01 7.5373e-02 
9.9700e-01 7.5103e-02 
9.9900e-01 7.4850e-02 
1.0025e+00 7.4446e-02 
1.0075e+00 7.3838e-02 
1.0125e+00 7.3062e-02 
1.0175e+00 7.2016e-02 
1.0225e+00 7.0993e-02 
1.0275e+00 7.0203e-02 
1.0325e+00 6.9443e-02 
1.0375e+00 6.8877e-02 
1.0425e+00 6.8391e-02 
1.0475e+00 6.7653e-02 
1.0525e+00 6.6426e-02 
1.0575e+00 6.5232e-02 
1.0625e+00 6.4513e-02 
1.0675e+00 6.4120e-02 
1.0725e+00 6.3646e-02 
1.0775e+00 6.2933e-02 
1.0825e+00 6.2152e-02 
1.0875e+00 6.1510e-02 
1.0925e+00 6.0959e-02 
1.0975e+00 6.0535e-02 
1.1025e+00 6.0401e-02 
1.1075e+00 6.0237e-02 
1.1125e+00 5.9793e-02 
1.1175e+00 5.8952e-02 
1.1225e+00 5.7962e-02 
1.1275e+00 5.7155e-02 
1.1325e+00 5.6628e-02 
1.1375e+00 5.6221e-02 
1.1425e+00 5.5809e-02 
1.1475e+00 5.5382e-02 
1.1525e+00 5.5023e-02 
1.1575e+00 5.4716e-02 
1.1625e+00 5.4086e-02 
1.1675e+00 5.3417e-02 
1.1725e+00 5.2969e-02 
1.1775e+00 5.2385e-02 
1.1825e+00 5.1706e-02 
1.1875e+00 5.1243e-02 
1.1925e+00 5.0840e-02 
1.1975e+00 5.0283e-02 
1.2025e+00 4.9749e-02 
1.2075e+00 4.9405e-02 
1.2125e+00 4.9284e-02 
1.2175e+00 4.9130e-02 
1.2225e+00 4.8623e-02 
1.2275e+00 4.8255e-02 
1.2325e+00 4.8103e-02 
1.2375e+00 4.7832e-02 
1.2425e+00 4.7451e-02 
1.2475e+00 4.7101e-02 
1.2525e+00 4.6780e-02 
1.2575e+00 4.5983e-02 
1.2625e+00 4.4864e-02 
1.2675e+00 4.4200e-02 
1.2725e+00 4.4230e-02 
1.2775e+00 4.4349e-02 
1.2825e+00 4.4046e-02 
1.2875e+00 4.3866e-02 
1.2925e+00 4.3922e-02 
1.2975e+00 4.3833e-02 
1.3025e+00 4.3491e-02 
1.3075e+00 4.2854e-02 
1.3125e+00 4.2161e-02 
1.3175e+00 4.1721e-02 
1.3225e+00 4.1435e-02 
1.3275e+00 4.1041e-02 
1.3325e+00 4.0546e-02 
1.3375e+00 4.0101e-02 
1.3425e+00 3.9729e-02 
1.3475e+00 3.9293e-02 
1.3525e+00 3.8757e-02 
1.3575e+00 3.8226e-02 
1.3625e+00 3.7706e-02 
1.3675e+00 3.7228e-02 
1.3725e+00 3.6925e-02 
1.3775e+00 3.6717e-02 
1.3825e+00 3.6491e-02 
1.3875e+00 3.6236e-02 
1.3925e+00 3.5927e-02 
1.3975e+00 3.5626e-02 
1.4025e+00 3.5314e-02 
1.4075e+00 3.4982e-02 
1.4125e+00 3.4676e-02 
1.4175e+00 3.4479e-02 
1.4225e+00 3.4427e-02 
1.4275e+00 3.4289e-02 
1.4325e+00 3.3794e-02 
1.4375e+00 3.3172e-02 
1.4425e+00 3.2612e-02 
1.4475e+00 3.2158e-02 
1.4525e+00 3.1779e-02 
1.4575e+00 3.1421e-02 
1.4625e+00 3.1309e-02 
1.4675e+00 3.1204e-02 
1.4725e+00 3.0985e-02 
1.4775e+00 3.0676e-02 
1.4825e+00 3.0321e-02 
1.4875e+00 3.0106e-02 
1.4925e+00 3.0067e-02 
1.4975e+00 2.9935e-02 
1.5025e+00 2.9676e-02 
1.5075e+00 2.9403e-02 
1.5125e+00 2.9136e-02 
1.5175e+00 2.8929e-02 
1.5225e+00 2.8792e-02 
1.5275e+00 2.8616e-02 
1.5325e+00 2.8184e-02 
1.5375e+00 2.7709e-02 
1.5425e+00 2.7484e-02 
1.5475e+00 2.7391e-02 
1.5525e+00 2.7285e-02 
1.5575e+00 2.7110e-02 
1.5625e+00 2.6798e-02 
1.5675e+00 2.6400e-02 
1.5725e+00 2.6072e-02 
1.5775e+00 2.5810e-02 
1.5825e+00 2.5502e-02 
1.5875e+00 2.5134e-02 
1.5925e+00 2.4803e-02 
1.5975e+00 2.4638e-02 
1.6025e+00 2.4534e-02 
1.6075e+00 2.4397e-02 
1.6125e+00 2.4323e-02 
1.6175e+00 2.4252e-02 
1.6225e+00 2.4196e-02 
1.6275e+00 2.4183e-02 
1.6325e+00 2.4031e-02 
1.6375e+00 2.3751e-02 
1.6425e+00 2.3539e-02 
1.6475e+00 2.3459e-02 
1.6525e+00 2.3418e-02 
1.6575e+00 2.3351e-02 
1.6625e+00 2.3201e-02 
1.6675e+00 2.2950e-02 
1.6725e+00 2.2618e-02 
1.6775e+00 2.2266e-02 
1.6825e+00 2.2055e-02 
1.6875e+00 2.1930e-02 
1.6925e+00 2.1776e-02 
1.6975e+00 2.1608e-02 
1.7025e+00 2.1440e-02 
1.7075e+00 2.1114e-02 
1.7125e+00 2.0824e-02 
1.7175e+00 2.0719e-02 
1.7225e+00 2.0356e-02 
1.7275e+00 1.9722e-02 
1.7325e+00 1.9215e-02 
1.7375e+00 1.8995e-02 
1.7425e+00 1.8881e-02 
1.7475e+00 1.8739e-02 
1.7525e+00 1.8704e-02 
1.7575e+00 1.8667e-02 
1.7625e+00 1.8446e-02 
1.7675e+00 1.8114e-02 
1.7725e+00 1.7732e-02 
1.7775e+00 1.7384e-02 
1.7825e+00 1.7152e-02 
1.7875e+00 1.7035e-02 
1.7925e+00 1.7033e-02 
1.7975e+00 1.7056e-02 
1.8025e+00 1.6920e-02 
1.8075e+00 1.6611e-02 
1.8125e+00 1.6241e-02 
1.8175e+00 1.6000e-02 
1.8225e+00 1.5841e-02 
1.8275e+00 1.5662e-02 
1.8325e+00 1.5454e-02 
1.8375e+00 1.5259e-02 
1.8425e+00 1.5166e-02 
1.8475e+00 1.5037e-02 
1.8525e+00 1.4799e-02 
1.8575e+00 1.4545e-02 
1.8625e+00 1.4332e-02 
1.8675e+00 1.4075e-02 
1.8725e+00 1.3770e-02 
1.8775e+00 1.3685e-02 
1.8825e+00 1.3788e-02 
1.8875e+00 1.3804e-02 
1.8925e+00 1.3742e-02 
1.8975e+00 1.3645e-02 
1.9025e+00 1.3546e-02 
1.9075e+00 1.3586e-02 
1.9125e+00 1.3652e-02 
1.9175e+00 1.3575e-02 
1.9225e+00 1.3410e-02 
1.9275e+00 1.3266e-02 
1.9325e+00 1.3170e-02 
1.9375e+00 1.3059e-02 
1.9425e+00 1.2898e-02 
1.9475e+00 1.2721e-02 
1.9525e+00 1.2545e-02 
1.9575e+00 1.2441e-02 
1.9625e+00 1.2475e-02 
1.9675e+00 1.2530e-02 
1.9725e+00 1.2600e-02 
1.9775e+00 1.2647e-02 
1.9825e+00 1.2526e-02 
1.9875e+00 1.2330e-02 
1.9925e+00 1.2195e-02 
1.9975e+00 1.2067e-02 
2.0025e+00 1.1850e-02 
2.0125e+00 1.1418e-02 
2.0225e+00 1.1279e-02 
2.0325e+00 1.1000e-02 
2.0425e+00 1.0700e-02 
2.0525e+00 1.0390e-02 
2.0625e+00 1.0048e-02 
2.0775e+00 1.0096e-02 
2.0925e+00 9.7978e-03 
2.1075e+00 9.2989e-03 
2.1225e+00 8.7043e-03 
2.1375e+00 8.4978e-03 
2.1525e+00 8.1033e-03 
2.1675e+00 7.9957e-03 
2.1825e+00 7.5033e-03 
2.1975e+00 7.3043e-03 
2.2125e+00 7.4978e-03 
2.2275e+00 7.4999e-03 
2.2475e+00 7.1990e-03 
2.2625e+00 7.1010e-03 
2.2825e+00 6.9000e-03 
2.3025e+00 6.5997e-03 
2.3225e+00 5.3006e-03 
2.3425e+00 5.8001e-03 
2.3625e+00 6.4994e-03 
2.3825e+00 5.5003e-03 
2.4025e+00 5.4001e-03 
2.4225e+00 5.6997e-03 
2.4425e+00 5.1002e-03 
2.4675e+00 5.3000e-03 
2.4925e+00 5.4000e-03 
2.5175e+00 4.7000e-03 
2.5425e+00 4.6000e-03 
2.5675e+00 4.4000e-03 
2.5925e+00 4.2000e-03 
2.6175e+00 4.1000e-03 
2.6425e+00 3.9000e-03 
2.6725e+00 3.8000e-03 
2.7025e+00 3.6000e-03 
2.7325e+00 3.5000e-03 
2.7625e+00 3.4000e-03 
2.7975e+00 3.2000e-03 
2.8325e+00 3.1000e-03 
2.8675e+00 2.9000e-03 
2.9075e+00 2.8000e-03 
2.9475e+00 2.6000e-03 
2.9875e+00 2.5000e-03 
3.0250e+00 2.4000e-03 
3.0750e+00 2.3000e-03 
3.1250e+00 2.1000e-03 
3.1750e+00 2.0000e-03 
3.2350e+00 1.9000e-03 
3.2950e+00 1.8000e-03 
3.3550e+00 1.6000e-03 
3.4250e+00 1.5000e-03 
3.4950e+00 1.4000e-03 
3.5750e+00 1.3000e-03 
3.6650e+00 1.2000e-03 
3.7550e+00 1.1000e-03 
3.8550e+00 1.0000e-03 
3.9650e+00 9.0000e-04 
4.0850e+00 8.0000e-04 
4.2250e+00 7.0000e-04 
4.3850e+00 6.0000e-04 
4.5750e+00 5.0000e-04 
4.8050e+00 4.0000e-04 
5.0850e+00 3.0000e-04 
5.4450e+00 2.0000e-04 
5.9250e+00 2.0000e-04 
6.6150e+00 1.0000e-04 
7.7850e+00 1.0000e-04 
1.0075e+01 0.0000e+00 
