#\CHAR INPUT = hrsr.in.txt
#\CHAR OUTPUT = hrsr.tbl
#\CHAR TITLE = 2MASS H-BAND TOTAL RESPONSE
#\CHAR TITLEY = RSR
#|n  |xlam     |yval     |
#|i  |r        |r        |
   1     1.289    0.0000
   2     1.315    0.0000
   3     1.341    0.0000
   4     1.368    0.0000
   5     1.397    0.0000
   6     1.418    0.0000
   7     1.440    0.0005
   8     1.462    0.0028
   9     1.478    0.0081
  10     1.486    0.0287
  11     1.493    0.0871
  12     1.504    0.2014
  13     1.515    0.4382
  14     1.528    0.6864
  15     1.539    0.8181
  16     1.546    0.8821
  17     1.551    0.9118
  18     1.556    0.9269
  19     1.565    0.9293
  20     1.572    0.8727
  21     1.577    0.8566
  22     1.583    0.8826
  23     1.592    0.9181
  24     1.597    0.9267
  25     1.602    0.9076
  26     1.613    0.9260
  27     1.619    0.9205
  28     1.628    0.9242
  29     1.633    0.9235
  30     1.642    0.9418
  31     1.648    0.9491
  32     1.657    0.9807
  33     1.659    0.9937
  34     1.671    1.0000
  35     1.684    0.9561
  36     1.701    0.9241
  37     1.715    0.9821
  38     1.727    0.9916
  39     1.739    0.9887
  40     1.746    0.9792
  41     1.751    0.9682
  42     1.753    0.9370
  43     1.756    0.9190
  44     1.764    0.8423
  45     1.775    0.6671
  46     1.785    0.2694
  47     1.790    0.4516
  48     1.796    0.1731
  49     1.803    0.1077
  50     1.810    0.0707
  51     1.813    0.0051
  52     1.818    0.0200
  53     1.828    0.0004
  54     1.835    0.0000
  55     1.850    0.0001
  56     1.871    0.0000
  57     1.893    0.0000
  58     1.914    0.0000

