#\CHAR INPUT = krsr.in.txt
#\CHAR OUTPUT = krsr.tbl
#\CHAR TITLE = 2MASS K-BAND TOTAL RESPONSE
#\CHAR TITLEY = RSR
#|n  |xlam     |yval     |
#|i  |r        |r        |
   1     1.900    0.0000
   2     1.915    0.0000
   3     1.927    0.0000
   4     1.934    0.0002
   5     1.939    0.0005
   6     1.948    0.0054
   7     1.957    0.0119
   8     1.962    0.0197
   9     1.969    0.0422
  10     1.976    0.0873
  11     1.981    0.1528
  12     1.989    0.2482
  13     1.990    0.1902
  14     1.998    0.2339
  15     2.008    0.2946
  16     2.014    0.3982
  17     2.019    0.3366
  18     2.028    0.6207
  19     2.037    0.7650
  20     2.045    0.7464
  21     2.061    0.6251
  22     2.072    0.7255
  23     2.075    0.6895
  24     2.082    0.7879
  25     2.089    0.8181
  26     2.099    0.8228
  27     2.106    0.8633
  28     2.113    0.8778
  29     2.120    0.8549
  30     2.124    0.8953
  31     2.138    0.9189
  32     2.145    0.9268
  33     2.155    0.9267
  34     2.169    0.9009
  35     2.176    0.9228
  36     2.185    0.8428
  37     2.197    0.9459
  38     2.208    0.9804
  39     2.213    0.9879
  40     2.218    0.9848
  41     2.232    0.9647
  42     2.237    0.9816
  43     2.248    0.9834
  44     2.256    0.9613
  45     2.260    0.9792
  46     2.263    1.0000
  47     2.265    0.9632
  48     2.270    0.9812
  49     2.272    0.9681
  50     2.276    0.9109
  51     2.277    0.9821
  52     2.281    0.8896
  53     2.284    0.8918
  54     2.286    0.9424
  55     2.291    0.8404
  56     2.293    0.8042
  57     2.295    0.7077
  58     2.297    0.6576
  59     2.299    0.5607
  60     2.306    0.4437
  61     2.311    0.3482
  62     2.316    0.2302
  63     2.320    0.1626
  64     2.325    0.1360
  65     2.328    0.0921
  66     2.335    0.0624
  67     2.339    0.0431
  68     2.344    0.0340
  69     2.346    0.0310
  70     2.352    0.0118
  71     2.361    0.0068
  72     2.363    0.0007
  73     2.370    0.0030
  74     2.375    0.0021
  75     2.384    0.0004
  76     2.399    0.0000

