# E490, histogrammed up to 10 um.
# wave (um)   flux (W/m2/um)
1.208444217642032914e-01 1.841433333333333477e+00
1.235635158345356754e-01 4.219999999999999862e-01
1.263437916495888935e-01 2.843333333333338334e-02
1.291866258465039774e-01 5.926666666666650235e-02
1.320934260378350267e-01 8.303333333333313970e-02
1.350656315085203008e-01 3.820000000000008805e-02
1.381047139285356828e-01 4.816666666666661462e-02
1.412121780815833172e-01 4.990000000000005542e-02
1.443895626101763530e-01 5.246666666666666146e-02
1.476384407774887775e-01 7.926666666666697114e-02
1.509604212463473150e-01 9.390000000000009450e-02
1.543571488757513044e-01 1.833999999999994801e-01
1.578303055353150186e-01 1.748249999999997861e-01
1.613816109380352692e-01 2.227000000000002589e-01
1.650128234917973835e-01 3.526249999999997442e-01
1.687257411700402443e-01 5.230999999999998984e-01
1.725222024020124367e-01 7.258999999999998787e-01
1.764040869830593716e-01 1.152174999999999727e+00
1.803733170053930523e-01 1.794500000000000206e+00
1.844318578098046724e-01 2.216000000000001080e+00
1.885817189587913056e-01 3.266600000000001280e+00
1.928249552315791093e-01 4.323999999999998067e+00
1.971636676415349787e-01 5.953250000000000597e+00
2.016000044764710286e-01 7.898199999999997445e+00
2.061361623623564343e-01 1.113000000000000256e+01
2.107743873509639321e-01 2.583800000000000452e+01
2.155169760319891048e-01 3.537799999999998590e+01
2.203662766701931508e-01 4.556999999999999318e+01
2.253246903681321578e-01 5.071799999999998221e+01
2.303946722550491155e-01 5.120199999999997686e+01
2.355787327025165023e-01 4.643200000000001637e+01
2.408794385674319638e-01 5.237499999999996447e+01
2.462994144629822579e-01 5.238200000000006185e+01
2.518413440582050744e-01 5.252666666666675610e+01
2.575079714067919356e-01 1.071200000000000756e+02
2.633021023057900423e-01 1.578516666666666879e+02
2.692266056848761080e-01 2.457666666666666515e+02
2.752844150268899392e-01 1.963666666666667879e+02
2.814785298203313912e-01 1.986685714285715960e+02
2.878120170445390702e-01 3.697166666666666970e+02
2.942880126882868597e-01 5.310142857142855064e+02
3.009097233025508356e-01 4.891000000000000796e+02
3.076804275882135120e-01 5.854714285714289872e+02
3.146034780194933989e-01 6.840000000000010232e+02
3.216823025039028949e-01 7.129571428571424576e+02
3.289204060795561380e-01 9.653999999999991815e+02
3.363213726506681933e-01 9.078285714285718768e+02
3.438888667621039508e-01 9.296749999999992724e+02
3.516266354138560257e-01 9.891750000000001819e+02
3.595385099163492804e-01 9.045749999999998181e+02
3.676284077874918399e-01 1.152375000000000000e+03
3.759003346924109090e-01 1.087074999999998909e+03
3.843583864268340644e-01 9.691555555555564752e+02
3.930067509450985708e-01 1.069850000000000364e+03
4.018497104337918069e-01 1.591755555555555929e+03
4.108916434320510347e-01 1.699777777777779420e+03
4.201370269995710061e-01 1.724000000000000000e+03
4.295904389333935480e-01 1.580222222222222172e+03
4.392565600345769150e-01 1.805299999999999955e+03
4.491401764258666773e-01 1.992599999999999909e+03
4.592461819215160057e-01 2.040900000000000091e+03
4.695795804504291349e-01 1.992363636363636260e+03
4.801454885338269363e-01 2.026799999999999955e+03
4.909491378186622290e-01 1.893636363636363740e+03
5.019958776680388812e-01 1.924750000000000000e+03
5.132911778099176203e-01 1.848181818181818244e+03
5.248406310454190038e-01 1.869916666666666742e+03
5.366499560180659767e-01 1.872333333333333258e+03
5.487250000453369747e-01 1.874000000000000000e+03
5.610717420139296197e-01 1.834833333333333258e+03
5.736962953401720799e-01 1.840615384615384528e+03
5.866049109970448150e-01 1.808615384615384528e+03
5.998039806093120596e-01 1.769923076923076906e+03
6.133000396182985980e-01 1.715214285714285779e+03
6.270997705178733561e-01 1.679083333333338260e+03
6.412100061632479697e-01 1.632285714285714221e+03
6.556377331542238007e-01 1.542714285714285779e+03
6.703900952945662794e-01 1.531375000000000000e+03
6.854743971292163174e-01 1.468500000000000000e+03
7.008981075610936085e-01 1.409428571428571331e+03
7.166688635492783899e-01 1.358625000000000000e+03
7.327944738904081934e-01 1.319125000000000000e+03
7.492829230851559830e-01 1.266666666666666742e+03
7.661423752917093655e-01 1.217375000000000000e+03
7.833811783682046448e-01 1.180333333333333258e+03
8.010078680061201162e-01 1.129444444444444343e+03
8.190311719566727433e-01 1.089200000000000045e+03
8.374600143523127649e-01 1.042111111111111086e+03
8.563035201254554085e-01 9.816333333333410565e+02
8.755710195266364071e-01 9.558300000000047021e+02
8.952720527443317478e-01 9.316700000000070077e+02
9.154163746287242720e-01 8.923299999999929923e+02
9.360139595217610298e-01 8.533090909090824425e+02
9.570750061958894772e-01 8.164299999999930151e+02
9.786099429039191167e-01 7.797000000000062983e+02
1.000629432542509578e+00 7.426545454545412213e+02
1.023144377931841209e+00 7.042416666666491665e+02
1.046165927214080860e+00 6.671909090908964117e+02
1.069705479373320056e+00 6.343083333333197515e+02
1.093774689879714046e+00 6.057416666666782703e+02
1.118385476460618033e+00 5.801076923076941512e+02
1.143550025001581094e+00 5.544000000000232831e+02
1.169280795580114329e+00 5.281769230769266414e+02
1.195590528635225080e+00 5.056230769230930377e+02
1.222492251275769437e+00 4.838357142857026361e+02
1.249999283730749422e+00 4.597307692307782077e+02
1.278125245944744304e+00 4.357933333333348855e+02
1.306884064321745198e+00 4.107071428571445040e+02
1.336289978620734731e+00 3.853999999999999773e+02
1.366357549006416816e+00 3.644666666666589094e+02
1.397101663258596194e+00 3.472374999999956344e+02
1.428537544143776206e+00 3.292312499999898137e+02
1.460680756952620118e+00 3.129687500000000000e+02
1.493547217207014777e+00 2.974294117647223175e+02
1.527153198540544654e+00 2.823000000000123464e+02
1.561515340756286951e+00 2.665294117647058556e+02
1.596650658065911887e+00 2.512777777777713197e+02
1.632576547514168919e+00 2.345500000000012903e+02
1.669310797592929774e+00 2.193277777777790618e+02
1.706871597049055556e+00 2.045473684210477359e+02
1.745277543890447980e+00 1.878849999999918623e+02
1.784547654594743182e+00 1.743049999999930151e+02
1.824701373525206005e+00 1.607200000000011642e+02
1.865758582558493917e+00 1.483190476190564766e+02
1.907739610929050311e+00 1.376571428571506317e+02
1.950665245295004846e+00 1.265636363636374284e+02
1.994556740030563047e+00 1.173545454545528628e+02
2.039435827749985108e+00 1.076999999999989939e+02
2.085324730068363053e+00 9.821217391305380318e+01
2.132246168604518211e+00 9.157086956521759191e+01
2.180223376231481325e+00 8.438360000000801620e+01
2.229280108580108166e+00 7.800840000000316365e+01
2.279440655801541205e+00 7.166880000000354300e+01
2.330729854594334682e+00 6.602692307691680185e+01
2.383173100502201880e+00 6.090038461537691461e+01
2.436796360488462376e+00 5.617222222222308403e+01
2.491626185793434534e+00 5.248842105263917546e+01
2.547689725081125900e+00 4.823333333331780892e+01
2.605014737881732323e+00 4.437333333333177876e+01
2.663629608336604448e+00 4.086000000002483290e+01
2.723563359252488159e+00 3.764333333335040521e+01
2.784845666471997827e+00 3.466333333333022892e+01
2.847506873567433150e+00 3.208333333329452586e+01
2.911578006865217283e+00 2.926999999998952262e+01
2.977090790808401444e+00 2.681333333331470570e+01
3.044077663664837452e+00 2.477999999998913339e+01
3.112571793588790658e+00 2.278500000000349246e+01
3.182607095043955781e+00 2.095999999996274710e+01
3.254218245596005143e+00 1.928999999997904524e+01
3.327440703082980455e+00 1.751000000000931323e+01
3.402310723172030649e+00 1.602999999999883585e+01
3.478865377311190166e+00 1.487333333333178054e+01
3.557142571085090132e+00 1.378500000000349246e+01
3.637181062983682267e+00 1.265249999999650754e+01
3.719020483593279636e+00 1.140799999998416681e+01
3.802701355219400892e+00 1.047999999998137355e+01
3.888265111951155983e+00 9.697750000021187589e+00
3.975754120177089401e+00 8.947749999992083758e+00
4.065211699562647496e+00 8.221399999991991336e+00
4.156682144499651343e+00 7.442400000011548222e+00
4.250210746038405318e+00 6.816500000015366822e+00
4.345843814313298026e+00 6.257199999992735684e+00
4.443628701472981390e+00 5.700199999986216071e+00
4.543613825126518790e+00 5.203200000012293103e+00
4.645848692317064987e+00 4.758999999985098484e+00
4.750383924034998984e+00 4.324666666662476011e+00
4.857271280282599690e+00 3.937199999997392119e+00
4.966563685702710451e+00 3.622200000006705611e+00
5.078315255784058735e+00 3.330499999981839210e+00
5.192581323656222381e+00 3.032000000006519258e+00
5.309418467487502902e+00 2.764999999955762178e+00
5.428884538499271883e+00 2.572999999974854290e+00
5.551038689610658494e+00 2.356333333339231562e+00
5.675941404727765871e+00 2.160999999963678420e+00
5.803654528691927439e+00 1.987000000003414923e+00
5.934241297901811762e+00 1.800000000007760947e+00
6.067766371624545130e+00 1.660499999998137355e+00
6.204295864011372785e+00 1.534666666644625366e+00
6.343897376833689705e+00 1.399333333324951356e+00
6.486640032955657276e+00 1.278333333359720880e+00
6.632594510559977508e+00 1.170000000041909516e+00
6.781833078143780114e+00 1.073333333324020034e+00
6.934429630301945480e+00 9.864666666835546494e-01
7.090459724315573808e+00 9.082333333402251574e-01
7.250000617563722827e+00 8.376333333241442469e-01
7.413131305776945013e+00 7.738333333206052211e-01
7.579932562151562081e+00 7.070249999815132469e-01
7.750486977344031025e+00 6.470666667058443400e-01
7.924879000365214310e+00 5.936250000086147338e-01
8.103194980394818003e+00 5.454000000221034261e-01
8.285523209536670208e+00 5.021750000014435500e-01
8.471953966536045044e+00 4.578500000061467290e-01
8.662579561480644230e+00 4.182750000036321580e-01
8.857494381507377668e+00 3.829750000149942935e-01
9.056794937537620882e+00 3.513500000117346644e-01
9.260579912064011765e+00 3.229250000149477273e-01
9.468950208012511638e+00 2.973249999922700226e-01
9.682008998703885538e+00 2.742250000010244548e-01
9.899861778939362367e+00 2.509200000436976330e-01
1.100000000000000000e+01 1.635000000000000064e-01
1.200000000000000000e+01 1.151999999999999968e-01
1.300000000000000000e+01 8.340000000000000191e-02
1.400000000000000000e+01 6.189999999999999669e-02
1.500000000000000000e+01 4.689999999999999725e-02
1.600000000000000000e+01 3.610000000000000014e-02
1.700000000000000000e+01 2.829999999999999877e-02
1.800000000000000000e+01 2.249999999999999917e-02
1.900000000000000000e+01 1.810000000000000150e-02
2.000000000000000000e+01 1.469999999999999953e-02
2.500000000000000000e+01 6.049999999999999822e-03
3.000000000000000000e+01 2.929999999999999879e-03
3.500000000000000000e+01 1.580000000000000024e-03
4.000000000000000000e+01 9.309999999999999699e-04
5.000000000000000000e+01 3.829999999999999854e-04
6.000000000000000000e+01 1.849999999999999973e-04
8.000000000000000000e+01 5.879999999999999946e-05
1.000000000000000000e+02 2.419999999999999869e-05
1.200000000000000000e+02 1.169999999999999979e-05
1.500000000000000000e+02 4.809999999999999687e-06
2.000000000000000000e+02 1.529999999999999963e-06
2.500000000000000000e+02 6.279999999999999589e-07
3.000000000000000000e+02 2.949999999999999814e-07
4.000000000000000000e+02 1.010000000000000044e-07
1.000000000000000000e+03 3.379999999999999909e-09
