#MaunaKea 3.3mm N  14000ft Std		
#T=exp(-b*sqrt(AM)-c*AM) @1AM
#Wavelength	b(sqrt crv gr)	c (lin crv gr)
7	0.52276203	4.71970027
7.002	2.39728547	3.0305668
7.004	0.1787131	2.36378362
7.006	0.08647752	2.1645218
7.008	0.00535951	1.84767529
7.01	0.19531941	2.11558395
7.012	0.29511837	2.07285307
7.014	0.1575113	2.36143122
7.016	0.15135847	2.75803168
7.018	1.54675269	3.52865613
7.02	0.80205285	8.57199962
7.022	27.7251474	-11.846575
7.024	27.7251474	-11.846575
7.026	13.0106682	-0.3703992
7.028	-12.952523	18.8507952
7.03	0.2265154	4.28405623
7.032	0.04960433	4.24054503
7.034	0.49870534	4.74258806
7.036	-2.1040324	8.50124077
7.038	-0.7299311	9.75763396
7.04	27.7251474	-11.846575
7.042	27.7251474	-11.846575
7.044	27.7251474	-11.846575
7.046	27.7251474	-11.846575
7.048	27.7251474	-11.846575
7.05	27.7251474	-11.846575
7.052	27.7251474	-11.846575
7.054	27.7251474	-11.846575
7.056	27.7251474	-11.846575
7.058	0.07219479	6.31807739
7.06	0.17076201	5.9870253
7.062	2.30831173	7.41973769
7.064	0.67149234	2.72354009
7.066	0.29557558	2.39018183
7.068	1.96004116	1.62569306
7.07	0.23908302	1.9681246
7.072	0.08464456	1.45520007
7.074	0.03871868	1.26491503
7.076	0.00024034	1.09799
7.078	0.00873364	1.20065627
7.08	0.36494472	1.5528571
7.082	3.77623545	3.18186275
7.084	1.46110979	5.19204497
7.086	0.96439283	1.21675785
7.088	0.00463421	1.13612
7.09	0.21157096	1.2619272
7.092	2.59386773	2.31968735
7.094	0.76895834	1.18494836
7.096	0.00822967	0.9622756
7.098	0.01709718	0.96256928
7.1	0.44511786	1.3291217
7.102	0.00170416	0.95194275
7.104	0.0038773	1.00545351
7.106	0.13456286	1.33084629
7.108	0.02242974	1.4709801
7.11	0.10208425	1.99284387
7.112	0.43925574	3.02656334
7.114	1.28932995	5.2791238
7.116	27.7251474	-11.846575
7.118	27.7251474	-11.846575
7.12	6.36612625	4.53348855
7.122	1.05605715	3.77832731
7.124	0.16777826	3.10743326
7.126	0.79625924	1.84165766
7.128	0.0471377	1.9136805
7.13	0.06070455	1.69391795
7.132	0.0174303	1.66189549
7.134	0.0071554	1.78838079
7.136	0.03699766	2.10493473
7.138	0.19031773	2.80442939
7.14	1.0954624	3.64436966
7.142	-9.8572393	16.530358
7.144	27.7251474	-11.846575
7.146	27.7251474	-11.846575
7.148	27.7251474	-11.846575
7.15	27.7251474	-11.846575
7.152	4.98836399	5.86773891
7.154	27.7251474	-11.846575
7.156	0.95748639	5.44317455
7.158	0.02296722	4.58148094
7.16	0.36810237	5.14170008
7.162	6.23630122	4.58743952
7.164	27.7251474	-11.846575
7.166	27.7251474	-11.846575
7.168	27.7251474	-11.846575
7.17	27.7251474	-11.846575
7.172	27.7251474	-11.846575
7.174	27.7251474	-11.846575
7.176	-8.3056153	15.3700911
7.178	0.48218831	3.79239022
7.18	0.13557251	2.73110975
7.182	0.02414605	2.26264703
7.184	0.31914777	1.78648025
7.186	0.01006443	1.60925535
7.188	0.67663826	1.92545923
7.19	1.15102725	2.17298726
7.192	1.59741721	1.79279962
7.194	0.67805119	1.76694601
7.196	0.12020001	1.77933542
7.198	0.14347963	1.96375801
7.2	0.13291921	2.82597215
7.202	2.03099029	3.46954102
7.204	1.54117863	8.03612328
7.206	27.7251474	-11.846575
7.208	27.7251474	-11.846575
7.21	27.7251474	-11.846575
7.212	27.7251474	-11.846575
7.214	2.06098849	4.55120943
7.216	0.46497287	2.48766178
7.218	0.1257646	1.95233332
7.22	0.02607977	1.26862184
7.222	0.00442456	0.9653284
7.224	0.00506992	0.91863929
7.226	0.01476497	0.81188747
7.228	0.54564073	1.29642069
7.23	0.28021558	0.83650173
7.232	0.00084791	0.57831193
7.234	0.04863705	0.78019902
7.236	0.7857406	0.69011901
7.238	0.02978595	0.67733613
7.24	-1.75E-05	0.54521977
7.242	0.00420935	0.59278727
7.244	0.4698832	0.77397632
7.246	0.80880217	1.89643862
7.248	4.04363086	2.79536473
7.25	0.77251029	1.17044793
7.252	0.02446762	1.11836441
7.254	2.00814705	1.15508379
7.256	1.32619227	2.042467
7.258	0.95463464	1.19011782
7.26	0.01510292	1.19302612
7.262	0.04846005	1.46185176
7.264	0.02506345	1.56275662
7.266	0.17572033	2.16496248
7.268	0.85605737	3.28308788
7.27	0.37037313	8.88719647
7.272	27.7251474	-11.846575
7.274	27.7251474	-11.846575
7.276	27.7251474	-11.846575
7.278	27.7251474	-11.846575
7.28	27.7251474	-11.846575
7.282	-2.9072535	11.325292
7.284	0.95360705	3.60354186
7.286	0.55716508	3.18662244
7.288	1.44340433	1.99231456
7.29	0.09249766	1.42955479
7.292	0.04060392	1.17270693
7.294	0.46054002	1.40981433
7.296	0.04077467	0.92958348
7.298	0.00372658	0.90059633
7.3	0.7503323	1.23299291
7.302	0.63499761	1.80761853
7.304	1.28326031	2.51302657
7.306	27.7251474	-11.846575
7.308	-2.739671	11.2101842
7.31	0.6300658	1.85075438
7.312	0.08184787	1.39363886
7.314	0.00997831	0.84284327
7.316	0.00031543	0.68955901
7.318	-0.0005864	0.65700635
7.32	0.26028934	0.95979873
7.322	0.17036834	0.89129483
7.324	0.05305678	0.9520832
7.326	0.06750384	1.12848191
7.328	0.16513398	1.40182692
7.33	0.47607725	2.14851766
7.332	1.54402954	3.69542583
7.334	23.5986304	-8.5942631
7.336	27.7251474	-11.846575
7.338	27.7251474	-11.846575
7.34	5.49457627	5.09423913
7.342	0.56726133	4.16789427
7.344	0.5164893	4.19799069
7.346	-0.9605508	9.86458567
7.348	1.84964345	7.7685771
7.35	1.42719405	2.04322723
7.352	0.23704418	1.65130178
7.354	0.21496286	1.00575891
7.356	0.00488299	0.74670662
7.358	0.34810506	1.03123928
7.36	0.39038072	0.88698624
7.362	0.45188533	0.95125862
7.364	1.42534155	0.27982801
7.366	0.00328332	0.44225524
7.368	0.26409156	0.45568224
7.37	0.04570136	0.64767972
7.372	0.49636351	0.6089705
7.374	0.46375722	0.60479805
7.376	0.50251643	0.94528516
7.378	1.08791431	1.89968363
7.38	2.49774918	2.99011839
7.382	2.57885058	2.14883659
7.384	0.2452724	1.10877519
7.386	0.01490809	0.59270165
7.388	-0.0012294	0.43986301
7.39	1.38651756	0.12277732
7.392	0.0670009	0.44802751
7.394	0.3530494	0.39600671
7.396	0.00566397	0.37813605
7.398	0.36177346	0.62339238
7.4	0.38311968	0.53792328
7.402	0.76110609	0.51075861
7.404	0.01143206	0.57072202
7.406	0.22737556	0.89456079
7.408	0.36262804	1.22242201
7.41	2.91147505	2.75431906
7.412	2.28585198	2.011382
7.414	0.54061836	1.03054302
7.416	0.00692099	0.6189747
7.418	1.14937191	0.33950063
7.42	0.11959331	0.51419374
7.422	0.11929851	0.74471539
7.424	0.74854774	0.66434621
7.426	0.91771637	0.66783541
7.428	0.54311668	0.37343058
7.43	0.04865059	0.4343333
7.432	0.05180853	0.40206421
7.434	0.00360513	0.28679157
7.436	0.13604925	0.46695241
7.438	0.08318141	0.38702765
7.44	0.24477601	0.44037244
7.442	0.13633127	0.40762388
7.444	0.00094009	0.4695165
7.446	1.11757996	0.47428606
7.448	0.99968707	0.8987416
7.45	0.02821485	0.96712026
7.452	1.61258363	0.97413757
7.454	1.04519013	1.60738143
7.456	0.55389195	2.12203755
7.458	1.96163196	3.86179526
7.46	27.7251474	-11.846575
7.462	27.7251474	-11.846575
7.464	4.96463219	5.88369687
7.466	27.7251474	-11.846575
7.468	-2.9091902	11.335882
7.47	6.53463128	4.34429515
7.472	2.67468184	5.05531184
7.474	1.15647486	3.18049531
7.476	1.1169567	1.84623372
7.478	0.33900095	1.73624782
7.48	-0.0851054	9.23209422
7.482	3.08668724	3.13109027
7.484	0.40247184	1.35473847
7.486	0.06204614	0.83122014
7.488	0.4787095	0.81611617
7.49	0.00369979	0.39081276
7.492	0.00036748	0.32303238
7.494	0.15935336	0.42009148
7.496	0.01308177	0.35562982
7.498	0.14198384	0.49983002
7.5	0.21367903	0.40846886
7.502	0.233488	0.50773346
7.504	1.61965152	3.29443234
7.506	0.78929281	1.06869446
7.508	0.63596513	0.29083724
7.51	0.00051961	0.228204
7.512	-0.0019874	0.17722664
7.514	-0.002132	0.17327328
7.516	0.00188225	0.24907273
7.518	0.64714611	0.43693418
7.52	1.35270646	0.37385636
7.522	0.07345678	0.49133714
7.524	0.06645302	0.31646194
7.526	-0.0016116	0.18124173
7.528	0.01840305	0.32255674
7.53	0.13292572	0.798246
7.532	0.19173179	0.76326546
7.534	1.85433375	1.97681859
7.536	1.03639461	0.372962
7.538	0.00240645	0.28046734
7.54	0.08316044	0.37575831
7.542	0.10317829	0.34834195
7.544	0.01029374	0.21802459
7.546	-0.00212	0.15176813
7.548	0.07669646	0.33790204
7.55	0.00934089	0.24452758
7.552	0.07221802	0.44917531
7.554	0.00361671	0.33028193
7.556	1.16368372	0.4772411
7.558	0.37517362	0.44323251
7.56	0.00623027	0.34093188
7.562	0.07628062	0.52956595
7.564	1.30194121	0.77335176
7.566	0.05548687	0.50053019
7.568	0.0047749	0.52585865
7.57	0.85734445	0.82999696
7.572	0.27413816	1.31336981
7.574	1.54404911	1.53800474
7.576	2.93451976	3.32536845
7.578	0.13659387	2.95953424
7.58	1.57153266	3.73551355
7.582	27.7251474	-11.846575
7.584	1.63284454	2.36080437
7.586	0.15062564	1.60840204
7.588	0.01264491	1.14263264
7.59	0.28592309	1.5505445
7.592	2.03613429	1.85521723
7.594	2.98605231	2.44541999
7.596	0.31837224	1.26359697
7.598	0.09516616	1.0685598
7.6	0.00595099	0.58542841
7.602	0.06497224	0.58133843
7.604	0.11786712	0.8270185
7.606	2.0623389	1.52110817
7.608	0.10361355	0.90487396
7.61	0.13162796	1.1175195
7.612	2.18124728	1.42604704
7.614	2.30983309	2.07558259
7.616	0.08097746	1.9239593
7.618	2.36407014	1.64993446
7.62	2.18308574	1.18629386
7.622	0.15826371	1.12677949
7.624	0.12783946	0.57066805
7.626	0.99778128	0.28043101
7.628	0.00330159	0.29058799
7.63	0.29183138	0.41295667
7.632	0.00532584	0.29790459
7.634	0.25034736	0.35154581
7.636	0.0374933	0.37490192
7.638	0.29431574	0.29353467
7.64	0.01341238	0.41609076
7.642	0.52007801	0.68088156
7.644	2.16305853	4.130382
7.646	0.47278805	0.98690884
7.648	0.37813831	0.40791036
7.65	0.02423761	0.39125651
7.652	0.35871305	0.8423935
7.654	0.8191642	0.73176028
7.656	4.72115481	1.86517969
7.658	1.95655336	5.66917074
7.66	3.05566274	2.45391038
7.662	1.19597254	1.11207876
7.664	1.26155921	2.1782684
7.666	1.11529578	1.42386316
7.668	1.12513843	0.80612462
7.67	1.51218445	1.14862555
7.672	1.25026496	1.51107775
7.674	0.99822239	0.69241992
7.676	1.23429024	0.53645922
7.678	0.54769487	0.51567928
7.68	0.93736759	0.48187487
7.682	1.01727633	0.9861665
7.684	1.37461031	0.52469051
7.686	0.42848032	0.35836961
7.688	0.17146149	0.30476485
7.69	0.44600884	0.59400706
7.692	0.95657497	0.71595348
7.694	0.66892435	0.6870428
7.696	0.55312807	0.51671771
7.698	0.01008445	0.25940051
7.7	0.63531849	0.19397543
7.702	0.12420673	0.4391827
7.704	0.17991642	0.63788996
7.706	1.35620182	0.97192496
7.708	0.4889648	0.63692136
7.71	0.5950516	1.03376662
7.712	1.19653059	1.78551893
7.714	1.05295221	1.14442798
7.716	0.07287936	0.35916509
7.718	0.18584541	0.58978393
7.72	0.84853359	0.94765835
7.722	0.04103889	0.46606521
7.724	0.77359684	0.5516985
7.726	0.54281842	0.38638911
7.728	0.73408806	0.25400149
7.73	0.05738008	0.38433724
7.732	0.04671421	0.49786875
7.734	0.60563522	0.29314628
7.736	0.60537077	0.34842636
7.738	0.59154351	0.37922692
7.74	0.00375663	0.22601022
7.742	0.24615636	0.18903777
7.744	0.35305842	0.19321047
7.746	0.00714589	0.23894159
7.748	1.95527215	0.0112063
7.75	0.29422039	0.33781229
7.752	0.4269724	0.23487358
7.754	0.29847497	0.34507524
7.756	0.01378629	0.30468301
7.758	2.29309049	0.08473592
7.76	0.24197631	0.85020923
7.762	2.06499314	2.31285908
7.764	0.4952737	1.69794435
7.766	0.7105247	2.14556038
7.768	2.45700707	0.75380108
7.77	0.07435073	0.54226724
7.772	0.33059393	0.37724407
7.774	0.02057706	0.29887136
7.776	0.31243004	0.38799837
7.778	0.05472228	0.30511276
7.78	-0.0017187	0.14236384
7.782	0.00670883	0.19755076
7.784	0.00869275	0.28669322
7.786	1.11790838	0.39231355
7.788	0.10628507	0.48492465
7.79	0.05741817	0.60551204
7.792	1.03316798	0.62852046
7.794	0.6920843	0.61470649
7.796	0.50066195	0.42567933
7.798	0.25832013	0.39300585
7.8	0.0182158	0.26306365
7.802	0.7076198	0.18922146
7.804	0.41178055	0.3419463
7.806	0.09902869	0.35351497
7.808	0.44660966	0.36638198
7.81	0.02346966	0.42094615
7.812	1.24294414	0.53953596
7.814	0.60635314	0.39024757
7.816	0.01417975	0.23520367
7.818	0.43070547	0.11704782
7.82	0.11269569	0.21844697
7.822	0.01324369	0.19709088
7.824	0.53917398	0.26918417
7.826	0.01734806	0.28271495
7.828	0.66390274	0.51404523
7.83	0.57102259	0.32545263
7.832	0.74489296	0.32638796
7.834	0.544987	0.22293744
7.836	0.09434947	0.24194154
7.838	0.0095148	0.30189328
7.84	1.34014566	0.10425461
7.842	0.50954375	0.42192489
7.844	0.2474363	0.39559366
7.846	0.65449031	0.18423642
7.848	0.01137672	0.22976268
7.85	0.40772521	0.22810527
7.852	0.2405732	0.60789859
7.854	0.0044329	0.42053745
7.856	0.68734055	0.35749945
7.858	0.05614963	0.71643536
7.86	0.27614207	1.34188674
7.862	2.83828546	1.79415248
7.864	2.33443749	2.63114732
7.866	0.7149444	1.11930912
7.868	0.77721285	0.9678432
7.87	0.5871286	0.51241991
7.872	0.5213752	0.71186229
7.874	2.0895539	3.15561981
7.876	0.43920469	0.8790695
7.878	0.56201807	0.6567602
7.88	0.5897431	0.66820583
7.882	0.18262877	0.82132472
7.884	2.35104836	2.03909764
7.886	0.19161465	1.20225335
7.888	0.78056074	0.81138615
7.89	0.63080037	0.3339144
7.892	-0.0014451	0.22102302
7.894	0.50727019	0.2854205
7.896	0.66646923	0.2272546
7.898	0.81461196	0.31182905
7.9	0.4713177	0.55079745
7.902	0.98646059	0.82179188
7.904	0.51595545	0.30395426
7.906	0.44999598	0.26705149
7.908	0.04616568	0.22215873
7.91	0.02602773	0.22860099
7.912	0.49181363	0.80938321
7.914	0.01250018	0.31133889
7.916	0.73172578	0.21653589
7.918	0.40132755	0.33178782
7.92	-0.0004156	0.17935725
7.922	0.56041721	0.18165034
7.924	0.37092348	0.4564102
7.926	0.37006349	0.31329844
7.928	0.00268075	0.32383346
7.93	0.37008725	0.75847346
7.932	0.63070601	1.75264906
7.934	3.45534141	3.59975989
7.936	1.24239743	1.64998735
7.938	0.87534123	0.95587431
7.94	0.35707068	0.43240651
7.942	0.30675648	0.34449523
7.944	0.06905322	0.36936025
7.946	0.35581431	0.3099453
7.948	0.27454957	0.22252328
7.95	-0.0018953	0.09939237
7.952	0.00703673	0.15124292
7.954	0.25639197	0.22661625
7.956	-0.0016464	0.12999582
7.958	0.37849609	0.24271108
7.96	0.20817574	0.16955468
7.962	0.00083582	0.09510055
7.964	0.00028663	0.10435231
7.966	0.16290175	0.18533921
7.968	0.40108664	0.19199536
7.97	0.0139544	0.27343773
7.972	0.14305928	0.22129984
7.974	0.01141262	0.20291443
7.976	0.74063139	0.68634949
7.978	0.42562084	0.55765626
7.98	0.02012416	0.14955925
7.982	-0.0006543	0.08967895
7.984	0.12610328	0.37871238
7.986	0.14001748	0.16738978
7.988	-0.0018798	0.07440651
7.99	0.06068781	0.23939089
7.992	0.12721268	0.21059866
7.994	-0.0018067	0.0668209
7.996	0.04952557	0.15079204
7.998	-0.0020337	0.05778128
8	0.18542342	0.14875354
8.002	0.35154962	0.17249223
8.004	0.00085166	0.11321839
8.006	0.00824108	0.11816799
8.008	0.02797513	0.13034437
8.01	0.01430546	0.14922971
8.012	0.00367994	0.1138045
8.014	0.99075774	0.53372195
8.016	0.02279027	0.13294189
8.018	-0.0019734	0.05077111
8.02	0.01768284	0.11307124
8.022	0.25976446	0.15266129
8.024	0.02126493	0.12492737
8.026	0.03990103	0.13257875
8.028	0.27784434	0.09035017
8.03	0.41338841	0.09339818
8.032	0.02286969	0.22423046
8.034	0.02361183	0.36556037
8.036	0.43767626	0.50122229
8.038	2.46381432	0.84994696
8.04	0.10997166	0.47221892
8.042	0.15446382	0.23306965
8.044	0.01158134	0.21320631
8.046	0.07235882	0.24774625
8.048	0.17149102	0.12959765
8.05	-0.0018292	0.07878648
8.052	0.16437917	0.2314849
8.054	-0.001248	0.06146699
8.056	-0.0018278	0.06280025
8.058	0.27086173	0.14980924
8.06	-0.0004701	0.12377335
8.062	-0.0018352	0.05305418
8.064	0.02083072	0.14453085
8.066	-0.0008508	0.08364379
8.068	5.94E-05	0.07564944
8.07	0.14339772	0.21119915
8.072	0.13797469	0.10363388
8.074	0.02812591	0.09686695
8.076	-0.0013259	0.04373777
8.078	0.11247551	0.09408255
8.08	-0.0013761	0.05388949
8.082	0.22983686	0.19547176
8.084	0.19941218	0.23012753
8.086	-0.0007594	0.07373489
8.088	0.06376323	0.22164398
8.09	0.18639235	0.17221502
8.092	0.03805421	0.09247523
8.094	-0.0013604	0.02914081
8.096	-0.0013291	0.02741544
8.098	-0.0013044	0.02960352
8.1	-0.0013803	0.02244512
8.102	-0.0012928	0.02836838
8.104	-0.0013952	0.0240869
8.106	-0.000284	0.04522037
8.108	0.07199458	0.0976907
8.11	-0.0014124	0.02835994
8.112	-0.0007259	0.04913496
8.114	-0.0015255	0.02432548
8.116	-0.0014638	0.02676933
8.118	-0.0014631	0.02320373
8.12	-0.0014369	0.02259707
8.122	-0.0013851	0.0224866
8.124	-0.0013923	0.0201405
8.126	-0.00132	0.03410401
8.128	0.07218588	0.12034584
8.13	0.0321602	0.18112626
8.132	-0.0012491	0.04439083
8.134	0.06581999	0.24620923
8.136	-0.0001244	0.05317627
8.138	0.08515101	0.12192029
8.14	-0.0013318	0.03159652
8.142	-0.0011409	0.0347587
8.144	-0.0014144	0.02487196
8.146	-0.0013281	0.02846096
8.148	-0.0013133	0.02987074
8.15	0.00010748	0.08983035
8.152	-0.0010872	0.05487652
8.154	-0.0011945	0.04985134
8.156	0.02645191	0.1628633
8.158	0.00750835	0.15673848
8.16	0.2036012	0.54386552
8.162	1.35936613	0.30710159
8.164	0.87091416	0.30075132
8.166	0.00480586	0.17977999
8.168	-0.0008793	0.07772266
8.17	0.01193818	0.10850892
8.172	-0.0011484	0.04623006
8.174	0.00326772	0.06439263
8.176	0.0069086	0.06788826
8.178	0.01675222	0.08414536
8.18	0.02899272	0.10069137
8.182	-0.0011048	0.03730214
8.184	0.07076289	0.17463846
8.186	-0.0005702	0.04566346
8.188	-0.0007233	0.04495128
8.19	0.07021859	0.22621169
8.192	0.00640105	0.07250696
8.194	0.00187318	0.06971915
8.196	0.02339868	0.09161111
8.198	0.01045501	0.06570264
8.2	0.05051528	0.08046576
8.202	-0.0002489	0.06608968
8.204	0.00319166	0.12820439
8.206	1.09473313	0.10792265
8.208	0.30076312	0.24677518
8.21	0.00047332	0.10524939
8.212	0.00535229	0.07876049
8.214	-0.0006501	0.04236246
8.216	-0.0009126	0.02647953
8.218	-0.0009063	0.02585792
8.22	0.00137394	0.04489079
8.222	0.01578672	0.11291087
8.224	-0.0007993	0.03498283
8.226	-8.28E-05	0.05281901
8.228	0.00113688	0.05743806
8.23	0.01383543	0.10055657
8.232	0.00102929	0.05249329
8.234	-0.0010304	0.02732415
8.236	-0.00107	0.02764413
8.238	-0.0010553	0.03142157
8.24	-0.0010206	0.03982384
8.242	-0.0008778	0.05193734
8.244	0.00067999	0.11304615
8.246	0.00708014	0.19861219
8.248	0.82139683	0.36423594
8.25	1.12727599	0.53584318
8.252	0.02727253	0.29309936
8.254	0.01096454	0.23082052
8.256	0.8233073	0.44975855
8.258	0.0064829	0.15421258
8.26	0.00710567	0.10808169
8.262	-0.0008348	0.03994146
8.264	0.00064105	0.06459763
8.266	-0.0005215	0.04507858
8.268	-0.0009019	0.02555862
8.27	-0.0008033	0.03467576
8.272	0.00109876	0.04658151
8.274	0.00049972	0.0429058
8.276	-0.0008114	0.02178466
8.278	-0.0008097	0.0194663
8.28	0.00050651	0.03376275
8.282	-0.000672	0.02220888
8.284	-0.0006383	0.02244592
8.286	-0.0007589	0.0180284
8.288	-0.0004909	0.0296758
8.29	0.00114304	0.06925514
8.292	0.02084825	0.12260525
8.294	-0.000829	0.02363096
8.296	-0.000794	0.01918842
8.298	-0.0007313	0.02533285
8.3	-0.0007793	0.02079618
8.302	-0.0008726	0.01593089
8.304	-0.0008065	0.01655221
8.306	-0.0004314	0.02624844
8.308	-0.0006402	0.03048418
8.31	-0.0005899	0.02718844
8.312	-0.0007616	0.02303414
8.314	-0.0006009	0.02831322
8.316	0.00041436	0.03311181
8.318	-0.0009248	0.0185646
8.32	-0.0008554	0.02239817
8.322	4.43E-06	0.03254914
8.324	-0.0008562	0.02235757
8.326	0.00143887	0.04154214
8.328	-0.0009679	0.02073214
8.33	-0.0010276	0.01753102
8.332	-0.0006141	0.02902314
8.334	-0.0010194	0.02344734
8.336	-0.0008405	0.03266028
8.338	-0.0005448	0.04074847
8.34	-0.0006256	0.04983737
8.342	2.61E-07	0.07686191
8.344	0.03504226	0.28587473
8.346	1.19177931	0.76990533
8.348	0.04257815	0.25083006
8.35	0.00011223	0.0905531
8.352	-0.0007671	0.04563803
8.354	-0.0010264	0.03012425
8.356	1.38E-05	0.04064443
8.358	-0.0009463	0.02961738
8.36	-0.0006024	0.04636699
8.362	-5.23E-05	0.03753381
8.364	-0.0008472	0.02243019
8.366	-0.0008332	0.02364378
8.368	0.00112007	0.04060459
8.37	-0.0008533	0.02087455
8.372	-0.0009304	0.01590934
8.374	0.00076844	0.03330858
8.376	-0.0004936	0.02555226
8.378	0.01354954	0.07190637
8.38	-0.0005619	0.03156564
8.382	0.00127329	0.03945793
8.384	-0.0001492	0.04639634
8.386	-0.0008713	0.02157325
8.388	0.00156383	0.05243805
8.39	-0.0006985	0.02717953
8.392	0.00035943	0.03709213
8.394	0.00233465	0.0996584
8.396	0.00157176	0.075154
8.398	-0.0005988	0.0319574
8.4	0.002211	0.07746284
8.402	-0.0007857	0.02961276
8.404	-0.0010607	0.02202442
8.406	0.00368386	0.06200448
8.408	-0.0009663	0.02108345
8.41	-0.0007762	0.03095177
8.412	0.00519447	0.06568658
8.414	-0.0009021	0.03064875
8.416	-0.0007284	0.0383964
8.418	0.00562044	0.09318437
8.42	-6.23E-05	0.09295555
8.422	0.027319	0.2572982
8.424	1.75485465	0.32753602
8.426	3.16E-01	0.41237177
8.428	0.00292376	0.14224822
8.43	0.00612845	0.10376303
8.432	-0.0001776	0.05854979
8.434	-0.0006775	0.04928487
8.436	0.0039412	0.064569
8.438	0.00444194	0.05284115
8.44	-0.0005597	0.02729922
8.442	-0.0001291	0.03622243
8.444	0.00866392	0.07372155
8.446	-9.47E-05	0.03755476
8.448	-0.0006289	0.02902741
8.45	0.0090893	0.06466397
8.452	-0.0004171	0.02449934
8.454	-0.0007849	0.0248788
8.456	0.00933136	0.07280988
8.458	-0.0007189	0.02078765
8.46	-0.000632	0.02616126
8.462	0.00988806	0.0758819
8.464	-0.0007792	0.02563667
8.466	-0.0006092	0.03046293
8.468	0.01741965	0.16696481
8.47	0.00060494	0.05032623
8.472	-0.0006055	0.02903329
8.474	0.01082686	0.07703667
8.476	-0.0005169	0.02560274
8.478	-0.0001701	0.02427635
8.48	0.00931203	0.07601168
8.482	-0.0005096	0.02877104
8.484	0.00301355	0.06642793
8.486	0.00907646	0.07286027
8.488	-0.0001199	0.03302797
8.49	-0.0001821	0.03483433
8.492	0.00968121	0.06543611
8.494	0.00060599	0.04491008
8.496	-0.0005702	0.03026474
8.498	0.00685005	0.06575954
8.5	0.00391524	0.07720483
8.502	-0.0006322	0.03303872
8.504	0.0002122	0.04906427
8.506	0.00719384	0.09091178
8.508	-0.0007946	0.06460854
8.51	0.00131947	0.1377301
8.512	0.08709366	0.46569129
8.514	1.94002632	1.22786117
8.516	0.15582074	0.40595795
8.518	0.00731158	0.22272027
8.52	0.08233165	0.34083444
8.522	-0.0003365	0.08986048
8.524	0.00438755	0.09520986
8.526	-0.0007968	0.03476561
8.528	0.00096273	0.03455314
8.53	0.00251217	0.06828218
8.532	-0.0010174	0.02723408
8.534	0.00025908	0.02492696
8.536	0.00297774	0.07129831
8.538	-0.0011599	0.02231539
8.54	0.00015855	0.02576307
8.542	0.00048622	0.04898764
8.544	7.80E-05	0.02783524
8.546	0.00199254	0.03756984
8.548	-0.0006924	0.0342274
8.55	0.00021567	0.02828126
8.552	4.79E-03	0.04228882
8.554	-1.09E-03	0.02296969
8.556	-2.26E-04	0.02510007
8.558	1.87E-03	0.02297288
8.56	-9.09E-04	0.01797874
8.562	0.00043233	0.02540581
8.564	0.00136738	0.02430105
8.566	-0.0009445	0.02082649
8.568	7.50E-05	0.03235041
8.57	0.00117436	0.03340501
8.572	1.76E-05	0.03134964
8.574	-5.38E-06	0.0451184
8.576	0.07690298	0.16764921
8.578	0.01117973	0.13358711
8.58	0.17585938	0.20384345
8.582	0.13440664	0.30854985
8.584	0.189811	0.20417756
8.586	0.00181711	0.06385204
8.588	0.00260148	0.03628883
8.59	0.00204236	0.03882832
8.592	0.00426546	0.06065189
8.594	0.00331837	0.04198962
8.596	0.0004348	0.02450468
8.598	0.0028692	0.05265846
8.6	0.0030241	0.03236185
8.602	0.00103737	0.03262125
8.604	0.00430482	0.05642669
8.606	0.00250014	0.03140127
8.608	0.00073704	0.02977233
8.61	0.00486178	0.06009037
8.612	0.00422176	0.0275753
8.614	0.00048125	0.02376784
8.616	0.00697289	0.07326348
8.618	0.0016017	0.02912735
8.62	0.00050136	0.02566052
8.622	0.00783611	0.07264347
8.624	0.00227868	0.0243474
8.626	0.00102947	0.02475615
8.628	0.01028551	0.07784188
8.63	0.00230806	0.02822637
8.632	0.0004445	0.02081977
8.634	0.01284189	0.08101912
8.636	0.00141804	0.02300428
8.638	-0.0008782	0.01811136
8.64	0.01543327	0.07499899
8.642	0.00588115	0.03082835
8.644	-0.0006924	0.018681
8.646	0.01290857	0.07882455
8.648	0.00112095	0.03125114
8.65	0.00061368	0.02689836
8.652	0.01334863	0.08154425
8.654	0.0012454	0.02659081
8.656	-0.0010961	0.01899377
8.658	0.01152787	0.07819684
8.66	0.00475331	0.03908811
8.662	1.24E-05	0.03095798
8.664	0.01876388	0.07246035
8.666	0.00176442	0.03015845
8.668	-0.0011371	0.0207572
8.67	0.01154823	0.07213274
8.672	0.00463531	0.04998579
8.674	-0.0010497	0.0336715
8.676	0.06442149	0.15953624
8.678	0.12104046	0.18777112
8.68	0.00097697	0.04793146
8.682	0.02230783	0.09014021
8.684	0.04213187	0.23950436
8.686	0.00058618	0.04912786
8.688	0.01594877	0.07486113
8.69	-0.0007749	0.02922044
8.692	0.00038009	0.02697734
8.694	0.01495523	0.08006246
8.696	3.29E-06	0.05417184
8.698	0.00858861	0.10505583
8.7	0.31755772	0.36721624
8.702	0.00674541	0.07245462
8.704	-0.0008288	0.02906192
8.706	0.00772144	0.06193221
8.708	0.00856533	0.04892386
8.71	-0.0003171	0.01987963
8.712	0.00831355	0.05614604
8.714	0.00400393	0.04055094
8.716	0.00132132	0.01915817
8.718	0.00574361	0.05193464
8.72	0.00682995	0.04960242
8.722	0.00214876	0.02021766
8.724	0.00494373	0.03879488
8.726	0.0033415	0.0428915
8.728	-0.0011242	0.01384691
8.73	0.00641267	0.0422666
8.732	0.00469228	0.04201134
8.734	0.00416738	0.02539619
8.736	0.00468057	0.03120719
8.738	0.0061726	0.04154833
8.74	0.00058248	0.01860987
8.742	0.0066085	0.03637491
8.744	0.0020091	0.05093068
8.746	0.01148723	0.04474289
8.748	0.00362506	0.02882702
8.75	-0.0001465	0.03122064
8.752	0.00097243	0.02204863
8.754	-0.0009891	0.01901092
8.756	0.01060501	0.04924617
8.758	-9.76E-05	0.01702203
8.76	0.0044833	0.04193328
8.762	0.00669075	0.04541223
8.764	0.00069178	0.02097238
8.766	-0.0011587	0.01464479
8.768	0.00942466	0.05138952
8.77	0.00130546	0.02166914
8.772	0.00605111	0.03054761
8.774	0.00162604	0.0307625
8.776	0.00157023	0.02420836
8.778	-0.0012281	0.01647038
8.78	0.01542875	0.04892831
8.782	0.00352932	0.02907234
8.784	0.00715805	0.03379333
8.786	0.00153756	0.03586202
8.788	0.00070305	0.04052867
8.79	0.01351083	0.13119351
8.792	0.2069258	0.44928322
8.794	0.00960845	0.10522297
8.796	0.01177916	0.06288449
8.798	0.00898601	0.06220328
8.8	0.00495514	0.06665355
8.802	0.00865583	0.13917468
8.804	0.92540854	0.17397446
8.806	0.35623532	0.51622034
8.808	0.02112572	0.14191687
8.81	0.00959286	0.06852739
8.812	-0.0011555	0.02784654
8.814	0.01958881	0.05362254
8.816	0.002676	0.03761594
8.818	0.00485218	0.03442206
8.82	0.01596406	0.03947828
8.822	0.00754788	0.04007517
8.824	-0.0012104	0.01681915
8.826	-0.00127	0.01752188
8.828	0.02608016	0.0486832
8.83	0.01049498	0.02476914
8.832	-0.0012265	0.01279443
8.834	0.01419238	0.0261727
8.836	0.01611729	0.04486125
8.838	0.00997404	0.01920691
8.84	0.01799231	0.05665311
8.842	0.00112627	0.02966164
8.844	0.00413416	0.02733702
8.846	0.02419393	0.04841253
8.848	0.01311427	0.03151897
8.85	0.00877555	0.02804044
8.852	-0.0012352	0.01347715
8.854	0.02121082	0.0233281
8.856	0.00645698	0.03262441
8.858	0.01818366	0.0336689
8.86	0.02211125	0.02139768
8.862	-0.000354	0.01571756
8.864	-0.0012067	0.01083241
8.866	0.03155674	0.03986543
8.868	0.02525272	0.02270934
8.87	0.00075615	0.01988482
8.872	0.02895355	0.03546401
8.874	0.01482474	0.02114601
8.876	0.00109031	0.01753944
8.878	-0.0007672	0.0138937
8.88	0.04524422	0.04225616
8.882	0.01133413	0.02785649
8.884	0.03556389	0.02438605
8.886	-0.0012827	0.0131799
8.888	0.0137191	0.04312581
8.89	0.0015193	0.0409966
8.892	0.00408586	0.03355794
8.894	0.04498018	0.04040507
8.896	0.00172005	0.02517376
8.898	0.04602057	0.05277951
8.9	-0.0010844	0.0176819
8.902	0.01118464	0.02374376
8.904	-0.0003037	0.01790839
8.906	-0.0012655	0.01343223
8.908	0.04127962	0.03751108
8.91	0.03532363	0.0422922
8.912	-0.0001612	0.02173654
8.914	-0.0006694	0.02110566
8.916	0.01675502	0.05874707
8.918	0.40668652	0.13753598
8.92	0.07870904	0.16149109
8.922	0.0748203	0.21489122
8.924	-1.01E-03	0.03524832
8.926	4.03E-03	0.02973682
8.928	0.00048756	0.01968398
8.93	-0.0008349	0.01600012
8.932	0.02610792	0.02149504
8.934	0.02197807	0.03988953
8.936	0.02879801	0.03395949
8.938	0.01786449	0.05230258
8.94	-0.0007594	0.02086019
8.942	-0.000317	0.01947266
8.944	0.03030869	0.03796932
8.946	0.00076009	0.02206929
8.948	4.27E-05	0.03502665
8.95	-0.00101	0.01402812
8.952	0.04472056	0.04706261
8.954	0.02532037	0.02226828
8.956	0.00018303	0.02257277
8.958	0.0012297	0.02305902
8.96	0.00431639	0.02515411
8.962	-0.0008941	0.01384982
8.964	-0.0009129	0.01336202
8.966	0.01874717	0.03230468
8.968	0.02796077	0.03580064
8.97	-0.0006315	0.01314521
8.972	0.01279283	0.02904989
8.974	-0.001028	0.01655358
8.976	0.01487016	0.02944852
8.978	-0.0008404	0.01700794
8.98	0.00752169	0.03237325
8.982	0.02431542	0.02848625
8.984	-0.0012148	0.01238942
8.986	0.00876227	0.02880643
8.988	-0.0007656	0.01902314
8.99	0.01281236	0.02895216
8.992	-0.0006952	0.02107641
8.994	0.0003913	0.04253453
8.996	0.32854233	0.15417363
8.998	0.06011485	0.15704095
9	0.00934074	0.05026699
9.002	0.00454239	0.03155729
9.004	0.0030596	0.029759
9.006	0.00042197	0.01840559
9.008	0.00180836	0.01529337
9.01	0.01077023	0.02023949
9.012	-0.0002465	0.00709834
9.014	0.01214284	0.02205744
9.016	-0.0001114	0.00991774
9.018	-0.0002657	0.00643715
9.02	0.01080087	0.03299277
9.022	0.00168198	0.01519478
9.024	0.00074084	0.0160855
9.026	0.00044659	0.01533533
9.028	0.00882549	0.03473669
9.03	0.00681362	0.0252093
9.032	0.00204134	0.03469269
9.034	0.01600855	0.1035912
9.036	0.39177082	0.19604503
9.038	0.00147677	0.04635183
9.04	0.01066634	0.03531568
9.042	0.00043114	0.01293119
9.044	0.00275595	0.01620988
9.046	0.00798382	0.02867847
9.048	0.00365005	0.02610782
9.05	0.0003471	0.01115043
9.052	0.00319152	0.01328099
9.054	0.00355172	0.01464467
9.056	0.00423679	0.01993172
9.058	0.01245895	0.0346202
9.06	0.00126008	0.01391432
9.062	0.00040676	0.01060581
9.064	0.0112657	0.03526677
9.066	-0.0003372	0.00628678
9.068	-0.0002652	0.01074547
9.07	0.00145086	0.01852662
9.072	0.00937109	0.03854647
9.074	0.00837786	0.03642254
9.076	0.01133589	0.04914786
9.078	0.09557701	0.13695776
9.08	0.06128807	0.13939065
9.082	0.00776087	0.0387954
9.084	0.00204352	0.0201935
9.086	-0.0001301	0.01291755
9.088	0.00914609	0.03116137
9.09	0.00785547	0.02957009
9.092	0.00689717	0.05722286
9.094	0.0456943	0.1986083
9.096	0.00360872	0.03076206
9.098	0.00337024	0.02403737
9.1	0.00327085	0.02265068
9.102	0.00746911	0.02358654
9.104	0.0063623	0.0227301
9.106	0.01016108	0.02429126
9.108	0.00266486	0.01655652
9.11	0.00457465	0.01910349
9.112	0.00528138	0.01988202
9.114	-0.0001199	0.00772587
9.116	0.00989155	0.01553848
9.118	0.00651387	0.02455509
9.12	0.00807918	0.02643059
9.122	0.00133374	0.0110344
9.124	0.0011651	0.01443182
9.126	0.00603451	0.01837698
9.128	0.010531	0.02915254
9.13	-0.0001151	0.0075047
9.132	0.01188557	0.03879689
9.134	0.00960845	0.04188054
9.136	0.00372283	0.02043092
9.138	0.00537372	0.02960918
9.14	0.00690304	0.0292588
9.142	0.00828028	0.0387648
9.144	-0.0002567	0.00891729
9.146	0.00600304	0.02850928
9.148	0.00270166	0.02321938
9.15	0.00850172	0.02536593
9.152	0.00825835	0.03183611
9.154	0.00069836	0.01519837
9.156	0.01495085	0.02617949
9.158	3.34E-05	0.01697627
9.16	0.00626474	0.0289432
9.162	0.00141066	0.03079163
9.164	0.05952642	0.24492016
9.166	0.00580149	0.06546407
9.168	0.00215608	0.02227819
9.17	0.00659519	0.02350084
9.172	-0.0001692	0.01680108
9.174	0.00797573	0.04629943
9.176	0.00086089	0.01666888
9.178	0.00985516	0.03664476
9.18	0.00621347	0.02414653
9.182	0.00246154	0.03127784
9.184	0.00626444	0.03066545
9.186	0.00232392	0.02468617
9.188	0.00602799	0.0324711
9.19	0.00179969	0.021498
9.192	0.01086833	0.06316656
9.194	0.01268273	0.0411832
9.196	0.00673983	0.04694476
9.198	0.00960662	0.03586845
9.2	0.00267821	0.0414015
9.202	0.00822097	0.03344147
9.204	0.00133959	0.01706394
9.206	0.00720349	0.02453489
9.208	0.00775914	0.04029752
9.21	0.00394353	0.05506727
9.212	0.00670302	0.06001136
9.214	0.00045449	0.02377074
9.216	0.00528227	0.0343976
9.218	0.00122984	0.01736851
9.22	0.00840196	0.07017919
9.222	0.0078886	0.0338296
9.224	0.00073689	0.0172082
9.226	0.00575717	0.02595972
9.228	0.0010956	0.02139845
9.23	0.01182503	0.06873831
9.232	0.00316179	0.0297545
9.234	0.00514508	0.02220086
9.236	0.00509978	0.02464826
9.238	0.00018807	0.02164128
9.24	0.01206706	0.08521124
9.242	0.00204277	0.02027182
9.244	0.00826138	0.03988069
9.246	0.00497163	0.02405939
9.248	0.02828144	0.10602972
9.25	0.02084472	0.12697598
9.252	0.00142422	0.02296579
9.254	0.00392601	0.02959336
9.256	0.00334011	0.02737869
9.258	0.00603298	0.02688529
9.26	0.01620397	0.09748343
9.262	0.00681779	0.04023439
9.264	0.00323713	0.01840409
9.266	-0.000124	0.01100587
9.268	0.00388223	0.02859748
9.27	0.00482718	0.04052131
9.272	0.02387275	0.08385908
9.274	0.00733121	0.02422378
9.276	0.00129525	0.0165428
9.278	0.00474611	0.03187883
9.28	0.00087299	0.02224864
9.282	0.01789454	0.11819716
9.284	0.00194172	0.02792431
9.286	0.0028258	0.02626355
9.288	0.00559956	0.03255681
9.29	0.0018946	0.01517888
9.292	0.00582979	0.05405959
9.294	0.02037587	0.11931146
9.296	0.00341416	0.02338411
9.298	0.00222927	0.02265531
9.3	0.00560582	0.02776085
9.302	0.03100598	0.10953122
9.304	0.01339375	0.0885591
9.306	0.01617763	0.16913808
9.308	0.08631305	0.17748282
9.31	0.00586235	0.0377712
9.312	0.00485094	0.02887799
9.314	0.00063676	0.0192846
9.316	0.00588639	0.05273089
9.318	0.02419744	0.09624303
9.32	0.00217912	0.02497366
9.322	0.00237025	0.03458201
9.324	0.00332678	0.04082263
9.326	0.00529532	0.03135996
9.328	0.00157874	0.03698605
9.33	0.02008253	0.09540934
9.332	0.00689383	0.03929478
9.334	0.0032432	0.02775062
9.336	0.01080474	0.02648069
9.338	0.00849114	0.03094179
9.34	0.00770966	0.05490849
9.342	0.02519397	0.11344937
9.344	0.01487841	0.03264723
9.346	0.01730782	0.04094603
9.348	0.00856936	0.0412368
9.35	0.00847565	0.02417862
9.352	0.03239629	0.04953622
9.354	0.03868531	0.14399589
9.356	0.02453637	0.14593792
9.358	0.05936641	0.08477938
9.36	0.01176507	0.06670469
9.362	0.06341561	0.08847939
9.364	0.01301377	0.04205072
9.366	0.12119204	0.09201625
9.368	0.0398982	0.11077077
9.37	0.06118724	0.06647635
9.372	0.1012073	0.06163255
9.374	0.17424194	0.10584361
9.376	0.06144124	0.10509131
9.378	0.11670557	0.188112
9.38	0.43292701	0.31479181
9.382	0.32627089	0.12249099
9.384	0.14922691	0.09830936
9.386	0.09362472	0.06235299
9.388	0.18381643	0.10247687
9.39	0.14762702	0.11193537
9.392	0.4107334	0.07909078
9.394	0.10201518	0.106662
9.396	0.41722496	0.15628897
9.398	0.09184098	0.06153539
9.4	0.27883298	0.09830306
9.402	0.39033415	0.1985981
9.404	0.57399466	-0.0143312
9.406	0.40165742	0.13283051
9.408	0.15763715	0.08327841
9.41	0.40420969	0.11004577
9.412	0.86171032	0.2904509
9.414	0.19560842	0.18246353
9.416	0.36448466	0.09725347
9.418	0.46456874	0.13867349
9.42	0.58540022	0.28846761
9.422	0.40804069	0.07253436
9.424	0.56037798	0.36383638
9.426	0.59073372	0.14428798
9.428	0.30305636	0.16315793
9.43	0.63931676	0.18194479
9.432	0.92356604	0.42452843
9.434	0.44039806	0.22987574
9.436	0.55536827	0.20839902
9.438	0.51104189	0.1187278
9.44	0.87813444	-0.0071518
9.442	0.63569105	0.11734936
9.444	0.55641104	0.19042092
9.446	0.28842523	0.17305523
9.448	1.04478007	0.37990464
9.45	0.91631774	0.36493466
9.452	0.06909972	0.14376757
9.454	1.14719426	0.18687559
9.456	0.14942377	0.18197556
9.458	1.142294	0.41855102
9.46	0.95381999	0.23778277
9.462	0.4434592	0.16181214
9.464	0.43103022	0.11203445
9.466	0.93556819	0.29966869
9.468	0.79435265	0.4522636
9.47	0.9263276	0.36368537
9.472	0.83791732	0.21226606
9.474	0.02690126	0.2738289
9.476	1.29698792	0.1640524
9.478	0.85570533	0.13340402
9.48	1.11026898	0.25510941
9.482	0.63966501	0.07455049
9.484	0.46403742	0.13360976
9.486	1.04352921	0.38683459
9.488	0.79039869	0.26610073
9.49	0.81121919	0.00707607
9.492	1.30830234	0.25636511
9.494	0.47934948	0.26587306
9.496	0.76427248	0.29623375
9.498	1.1885682	0.40842502
9.5	0.38274586	0.16490434
9.502	0.80246251	0.19516817
9.504	0.88548977	0.45522403
9.506	1.14773272	0.49931486
9.508	0.37067449	0.08812141
9.51	1.00542172	0.3347466
9.512	0.4076395	0.15945334
9.514	0.40424658	0.24717938
9.516	1.27136852	0.79542419
9.518	0.83000321	0.18674927
9.52	0.46886551	0.49686948
9.522	1.03218369	0.36959407
9.524	0.24017589	0.14938487
9.526	0.44023651	0.16167299
9.528	1.11890561	0.16838602
9.53	0.81272143	0.00260854
9.532	0.87253284	0.09519646
9.534	0.5375491	0.22087542
9.536	0.66784145	0.09323565
9.538	0.37028801	0.12691047
9.54	0.84585453	0.10030083
9.542	0.8704521	0.20693735
9.544	0.43630096	0.20990813
9.546	1.12856916	0.24842736
9.548	0.34376464	0.17917688
9.55	0.42355642	0.04687422
9.552	0.4350681	0.15258949
9.554	0.742337	0.18223738
9.556	0.31583975	0.1150532
9.558	0.32224939	0.12698588
9.56	0.85673861	0.15826883
9.562	0.13262774	0.13709858
9.564	0.19396754	0.06256292
9.566	0.12711617	0.08536144
9.568	0.42235311	0.06875849
9.57	0.1340485	0.17503488
9.572	0.07829508	0.18408344
9.574	0.46742299	0.04288978
9.576	0.13830975	0.05945362
9.578	0.00542514	0.06007609
9.58	0.02639074	0.07796378
9.582	0.1377379	0.07482275
9.584	0.00400501	0.06186468
9.586	0.04433174	0.12178016
9.588	0.11989727	0.11164658
9.59	0.04532554	0.05482931
9.592	0.0356977	0.09239504
9.594	0.07073655	0.08632842
9.596	0.16299079	0.09428331
9.598	0.54751256	0.04357021
9.6	0.86801438	0.2058587
9.602	0.74114643	0.3388321
9.604	0.78028511	0.34539591
9.606	0.76578786	0.41348808
9.608	0.77568264	0.14816189
9.61	0.84077907	0.24030341
9.612	1.08983195	0.20008129
9.614	0.64361	0.20668575
9.616	0.81827517	0.27205817
9.618	0.58296829	0.34510973
9.62	0.79198552	0.57988755
9.622	0.72416656	0.34627255
9.624	0.81328065	0.15667436
9.626	0.41042836	0.33603207
9.628	0.93655684	0.20672976
9.63	0.92831013	0.2839543
9.632	0.58393074	0.47088981
9.634	0.26322157	0.23922893
9.636	0.79465272	0.1450299
9.638	0.91101972	0.21751199
9.64	0.58450831	0.26663499
9.642	0.3233298	0.25955173
9.644	0.63642214	0.30999943
9.646	0.89970869	0.22170096
9.648	0.7421545	0.138799
9.65	0.30006775	0.20917153
9.652	0.81626814	0.17291789
9.654	0.54098425	0.16297017
9.656	0.57154059	0.16702468
9.658	0.2314153	0.30597023
9.66	0.5831834	0.24935761
9.662	0.4608146	0.12656848
9.664	1.35125598	0.22867756
9.666	0.49873241	0.1494415
9.668	0.82828148	-0.0252827
9.67	0.16107357	0.21568319
9.672	0.50227816	0.28746093
9.674	0.40171253	0.1805685
9.676	0.08560114	0.17616137
9.678	0.90230784	0.21568757
9.68	0.49789186	0.15182195
9.682	0.67332433	0.15407771
9.684	0.31075846	0.16102633
9.686	0.69148608	0.10320802
9.688	0.05570545	0.20068158
9.69	0.60781516	0.2199386
9.692	0.36993703	0.15174844
9.694	0.21808359	0.21213998
9.696	0.68404701	0.24489847
9.698	0.47850113	0.05769948
9.7	0.87943629	0.04805075
9.702	0.25391207	0.11996953
9.704	0.69644805	0.06685463
9.706	0.04243762	0.18142583
9.708	0.72415121	0.11398608
9.71	0.49893846	0.12570606
9.712	0.03774542	0.21071156
9.714	0.99713709	0.09975203
9.716	0.18541171	0.16826538
9.718	0.90618205	0.33214259
9.72	0.44194484	0.1023516
9.722	0.71121686	0.02108803
9.724	0.1939894	0.23578012
9.726	0.76017538	0.23796359
9.728	0.32901379	0.19848176
9.73	0.16454827	0.10376952
9.732	1.01728151	0.05967542
9.734	0.11561357	0.18161491
9.736	0.60814892	0.23044048
9.738	0.86051859	0.23543672
9.74	0.01768678	0.16347231
9.742	0.97833879	0.23575969
9.744	0.14148562	0.15473357
9.746	0.6363787	0.06357143
9.748	0.46211447	0.16800911
9.75	0.18999461	0.07753613
9.752	0.94866571	0.20152161
9.754	0.13502769	0.18773412
9.756	0.87374426	0.16131082
9.758	0.33218353	0.23074177
9.76	0.23702293	0.16389536
9.762	0.9788263	-0.0534238
9.764	0.22946694	0.16879475
9.766	0.70135219	0.09594383
9.768	0.29023945	0.14750692
9.77	0.23946645	0.13193819
9.772	0.73098438	0.12158206
9.774	0.1721045	0.22695796
9.776	0.95359088	0.16888046
9.778	0.29040201	0.17723096
9.78	0.2085095	0.13277351
9.782	0.69287075	0.20823458
9.784	0.15037479	0.20224879
9.786	0.67114552	0.06382845
9.788	0.25918742	0.13068638
9.79	0.21021468	0.14490821
9.792	0.68374072	0.255874
9.794	0.17306299	0.18201018
9.796	0.79054433	0.09283371
9.798	0.53275658	0.06554503
9.8	0.19812266	0.15255756
9.802	0.70306747	0.21057652
9.804	0.19038467	0.18796634
9.806	0.36458176	0.1608474
9.808	0.43189482	0.10542522
9.81	0.01857441	0.14040562
9.812	0.6180084	0.13716636
9.814	0.45612257	0.15592489
9.816	0.51255282	0.09727094
9.818	0.45020636	0.10983255
9.82	0.25964462	0.09518544
9.822	0.60098326	0.12378813
9.824	0.46661976	0.1958397
9.826	0.16282891	0.16402364
9.828	0.43191416	0.09379136
9.83	0.22311095	0.14434268
9.832	0.18286126	0.12905258
9.834	0.39392017	0.12032605
9.836	0.43681187	0.01827082
9.838	0.62162149	0.16649998
9.84	0.3373358	0.10368809
9.842	0.13156351	0.08138441
9.844	0.41462926	0.12511205
9.846	0.40516426	0.04266747
9.848	0.38980948	0.06027447
9.85	0.20981866	0.0767831
9.852	0.21584144	0.1259867
9.854	0.36359953	0.13860046
9.856	0.23439771	0.14424462
9.858	0.35505186	0.17736925
9.86	0.58978948	0.20673827
9.862	0.22104967	0.15275476
9.864	0.15826864	0.05814368
9.866	0.33498102	0.08758152
9.868	0.35458227	0.09783167
9.87	0.15529527	0.12719948
9.872	0.28506079	0.07734133
9.874	0.17989814	0.06843258
9.876	0.27095401	0.16614648
9.878	0.2412654	0.07969033
9.88	0.24909493	0.13984537
9.882	0.60981274	0.23786755
9.884	0.17235166	0.1056895
9.886	0.01806723	0.08628909
9.888	0.40962449	0.11907889
9.89	0.15998214	0.10390071
9.892	0.31833554	0.09032215
9.894	0.26064257	0.16889494
9.896	0.1515239	0.07666434
9.898	0.15667888	0.09863328
9.9	0.20525479	0.24251457
9.902	0.1025148	0.10125751
9.904	0.33310063	0.14490988
9.906	0.39628866	0.05093806
9.908	0.14870594	0.03728923
9.91	0.3290355	0.11663704
9.912	0.10213439	0.0594059
9.914	0.03580083	0.08010044
9.916	0.35284797	0.08295603
9.918	0.14603578	0.06213285
9.92	0.14095103	0.09798107
9.922	0.26362363	0.1533908
9.924	0.0887289	0.104133
9.926	0.01597003	0.07297832
9.928	0.41536106	0.14428432
9.93	0.25993463	0.09063013
9.932	0.02735549	0.04893529
9.934	0.2452317	0.09680489
9.936	0.1085294	0.09973821
9.938	0.07233776	0.08483537
9.94	0.21852197	0.12266879
9.942	0.1097245	0.06904038
9.944	0.17806854	0.08616105
9.946	0.15081727	0.10883791
9.948	0.08519783	0.10999169
9.95	0.06304696	0.03807547
9.952	0.24385204	0.1463058
9.954	0.16820259	0.07796847
9.956	0.0906315	0.0943335
9.958	0.12812039	0.07478661
9.96	0.07721625	0.08411099
9.962	0.07841722	0.0807094
9.964	0.06476438	0.10389423
9.966	0.17175395	0.05834944
9.968	0.15486834	0.09516548
9.97	0.10558476	0.07879042
9.972	0.06631603	0.08018828
9.974	0.01563722	0.04335162
9.976	0.09179356	0.06604355
9.978	0.2967186	0.09817065
9.98	0.08122843	0.06777961
9.982	0.09212746	0.06838179
9.984	0.05746061	0.05751365
9.986	0.05016955	0.03885286
9.988	0.04711344	0.05702721
9.99	0.07704579	0.05944621
9.992	0.14221172	0.08915842
9.994	0.06839268	0.06945795
9.996	0.08469563	0.08980818
9.998	0.00410827	0.06520393
10	0.07437015	0.08579359
10.002	0.08033388	0.06022577
10.004	0.12917441	0.08692859
10.006	0.12824002	0.08326399
10.008	0.03124216	0.05602407
10.01	0.00439483	0.04531518
10.012	0.05662725	0.08754322
10.014	0.00161987	0.03573428
10.016	0.05668434	0.05216333
10.018	0.14926388	0.10417779
10.02	0.06068972	0.06824426
10.022	0.00527302	0.0421379
10.024	0.03356772	0.04603036
10.026	0.02276925	0.05176419
10.028	0.04189601	0.04984652
10.03	0.17331609	0.1145534
10.032	0.00700702	0.04349826
10.034	0.01947477	0.02773945
10.036	0.02447201	0.04484731
10.038	0.01885466	0.03953271
10.04	0.00177988	0.02763614
10.042	0.0093244	0.06028235
10.044	0.12835046	0.11237045
10.046	0.04089859	0.04451065
10.048	0.00142112	0.0346189
10.05	0.03113323	0.04756645
10.052	0.02133348	0.03619451
10.054	0.0195462	0.04542066
10.056	0.08084382	0.09971272
10.058	0.03833321	0.05234708
10.06	0.00127325	0.02600195
10.062	0.01376573	0.04195014
10.064	0.01122011	0.033379
10.066	0.00237183	0.03499887
10.068	0.02210221	0.05418197
10.07	0.04754229	0.05305047
10.072	0.03526836	0.07137518
10.074	0.00081135	0.01902686
10.076	0.0214299	0.04366872
10.078	0.00268394	0.03001447
10.08	0.02269449	0.05134783
10.082	0.01378083	0.05305048
10.084	0.05021164	0.07042805
10.086	0.00089666	0.02722173
10.088	0.00909429	0.03313922
10.09	0.00601929	0.03242255
10.092	0.00085589	0.02394892
10.094	0.00878103	0.04357207
10.096	0.00111393	0.02719225
10.098	0.04495405	0.06621873
10.1	0.00758794	0.03253993
10.102	0.0140331	0.02508269
10.104	0.00102249	0.02854977
10.106	0.01142807	0.04150621
10.108	0.00243181	0.03474618
10.11	0.01271223	0.03578049
10.112	0.02052469	0.05328253
10.114	0.00467076	0.02961961
10.116	0.00290417	0.02579231
10.118	0.0002354	0.01866749
10.12	0.00146641	0.02591489
10.122	0.0037358	0.03303337
10.124	0.00176342	0.02074667
10.126	0.02535714	0.05630346
10.128	0.0003865	0.02101055
10.13	0.00516803	0.03383253
10.132	-6.51E-05	0.0143566
10.134	0.00808883	0.03924038
10.136	0.00153951	0.03358786
10.138	0.00093225	0.01722002
10.14	0.01010695	0.03776793
10.142	0.00663517	0.0350116
10.144	-0.0001767	0.01331981
10.146	0.00063249	0.02126796
10.148	0.00192782	0.03850144
10.15	-0.0002476	0.01087568
10.152	0.00037451	0.01741876
10.154	0.00368411	0.02772227
10.156	0.00751619	0.03732877
10.158	0.00164662	0.03692098
10.16	0.00083115	0.026543
10.162	0.00114374	0.03481269
10.164	0.00106186	0.0200348
10.166	0.00070253	0.01810885
10.168	0.00131808	0.02162215
10.17	0.01015923	0.05140609
10.172	-0.0002291	0.01495958
10.174	7.74E-05	0.01598624
10.176	0.00029936	0.01585668
10.178	-0.0002519	0.01116242
10.18	0.00030576	0.01775241
10.182	0.00107171	0.04609087
10.184	0.00653302	0.036052
10.186	0.00028854	0.01601988
10.188	0.0004684	0.01807352
10.19	3.60E-05	0.01756039
10.192	-3.19E-05	0.01433989
10.194	0.00223888	0.05301995
10.196	-7.82E-05	0.02017944
10.198	0.00049153	0.01740498
10.2	0.00224036	0.01863591
10.202	3.99E-05	0.01325722
10.204	-0.0002185	0.01187344
10.206	0.0004171	0.02624009
10.208	0.00348468	0.04395665
10.21	-0.000234	0.01153561
10.212	2.35E-05	0.01347077
10.214	0.00151518	0.02244431
10.216	-0.0002351	0.01256147
10.218	-8.52E-05	0.0167292
10.22	0.00343062	0.06704644
10.222	-0.0001359	0.01660111
10.224	-0.0001798	0.01192075
10.226	-0.0002367	0.01042664
10.228	-0.0002006	0.01061018
10.23	0.00150003	0.04846415
10.232	0.0005433	0.0514145
10.234	0.0062874	0.05502229
10.236	-0.0002255	0.01085086
10.238	-0.000278	0.01089174
10.24	-0.0002915	0.00927069
10.242	-0.0001891	0.01085896
10.244	-0.0001583	0.01910373
10.246	0.02180689	0.13449833
10.248	0.00126843	0.04043901
10.25	-0.0002993	0.01317918
10.252	-0.0003199	0.00748463
10.254	-0.0002642	0.00889193
10.256	-0.0002731	0.00962502
10.258	-0.0002918	0.01367587
10.26	0.00633481	0.08127688
10.262	0.0001177	0.02164288
10.264	-0.0003294	0.00995814
10.266	0.00199911	0.03285728
10.268	0.00632593	0.04887059
10.27	-0.0002711	0.01213225
10.272	0.00590942	0.05466009
10.274	0.00677579	0.08502248
10.276	0.00012007	0.02494201
10.278	-0.0002829	0.01063981
10.28	-0.0003362	0.00725778
10.282	-0.0003047	0.00835369
10.284	-0.0002568	0.01284483
10.286	-0.0002955	0.01159
10.288	0.00786221	0.06548732
10.29	0.00117197	0.03726818
10.292	-4.48E-05	0.02613377
10.294	0.00204212	0.04864419
10.296	0.00069253	0.02893102
10.298	-0.000326	0.00903502
10.3	-0.000326	0.00873455
10.302	0.00018011	0.02452619
10.304	0.00746453	0.07955693
10.306	-0.0003442	0.01236855
10.308	-0.0003052	0.01002306
10.31	-0.000358	0.00683045
10.312	-0.0003574	0.00601632
10.314	-0.0003843	0.00729762
10.316	-0.0003577	0.01064866
10.318	0.0055652	0.07443437
10.32	-0.000133	0.01987377
10.322	-0.0003502	0.00781876
10.324	-0.0003345	0.00746484
10.326	-0.0003653	0.00561883
10.328	-0.0003576	0.00649798
10.33	-0.0003567	0.00672818
10.332	-0.0002502	0.01539522
10.334	0.00416945	0.07009021
10.336	-0.0003382	0.01061605
10.338	-0.0003316	0.00718348
10.34	-0.0003062	0.00756605
10.342	0.00135967	0.03060555
10.344	-0.0002549	0.01037868
10.346	-0.0003114	0.00717736
10.348	0.00014963	0.02308831
10.35	0.00321658	0.05116396
10.352	-0.0002537	0.01543684
10.354	-0.0002251	0.013672
10.356	-0.0003342	0.00597911
10.358	-0.0003293	0.00549256
10.36	-0.0003393	0.00538427
10.362	-0.0003385	0.00635231
10.364	0.00016323	0.02122066
10.366	0.00175325	0.03667155
10.368	-0.0003752	0.00714238
10.37	-0.0003827	0.00573642
10.372	-0.0003739	0.00489979
10.374	-0.0003928	0.00567303
10.376	-0.0003901	0.00481507
10.378	-0.0003703	0.00523181
10.38	-0.0002893	0.01169393
10.382	0.00045967	0.02821789
10.384	-0.0003917	0.00609293
10.386	-0.000385	0.00493781
10.388	-0.0003614	0.00486986
10.39	-0.0003615	0.00481531
10.392	-0.0003565	0.00459331
10.394	-0.0003603	0.00484231
10.396	-0.0003299	0.00878965
10.398	-0.0002747	0.01394438
10.4	-0.0003703	0.00558518
10.402	-0.000369	0.00492085
10.404	-0.0003655	0.00590205
10.406	-0.0003917	0.00512511
10.408	-0.0003468	0.00483297
10.41	-0.0003504	0.00454505
10.412	-0.0003444	0.00566742
10.414	-0.0003403	0.00452994
10.416	-0.000359	0.00509931
10.418	-0.0003066	0.00954174
10.42	-0.0001967	0.01782698
10.422	-0.0002961	0.01378635
10.424	1.74E-05	0.02187619
10.426	-0.0001732	0.01063912
10.428	-0.0003656	0.00510297
10.43	-0.0003764	0.00574707
10.432	-0.0003951	0.00491753
10.434	-0.0003847	0.0047289
10.436	-0.0003804	0.00496453
10.438	-0.0003857	0.00650243
10.44	0.0008468	0.03552178
10.442	-0.0002898	0.01327133
10.444	-0.0003932	0.00557301
10.446	-0.0003853	0.00486444
10.448	-0.0003725	0.00482832
10.45	-0.0003731	0.00495388
10.452	-0.0003543	0.00491724
10.454	-0.0003538	0.00557677
10.456	-0.0003402	0.00877332
10.458	0.00175025	0.0528621
10.46	-0.0002959	0.01222922
10.462	-0.000339	0.00865373
10.464	0.00019079	0.02534552
10.466	-0.0003201	0.01007699
10.468	0.0133455	0.09294091
10.47	-6.52E-05	0.01860836
10.472	-0.0003044	0.007646
10.474	-0.0002956	0.0107517
10.476	0.00299474	0.06440341
10.478	-0.0002435	0.01332884
10.48	-0.000302	0.00913632
10.482	-0.0003195	0.00790126
10.484	-0.0003094	0.00564338
10.486	-0.0003048	0.00646962
10.488	0.0008823	0.02428214
10.49	0.00433362	0.04358831
10.492	-0.0003233	0.01051438
10.494	0.00448143	0.06770928
10.496	-8.26E-05	0.01993691
10.498	-0.0003388	0.00699155
10.5	-0.0003367	0.00539925
10.502	-0.0003229	0.00505485
10.504	-0.0003111	0.00510928
10.506	-0.0003049	0.00510453
10.508	-0.0003219	0.00581816
10.51	-0.0003218	0.00776121
10.512	0.00177535	0.03666513
10.514	0.00587294	0.05405332
10.516	-0.0003251	0.00811679
10.518	-0.0003203	0.00568807
10.52	-0.0003199	0.00543797
10.522	-0.0003243	0.00536197
10.524	-0.0003305	0.00535707
10.526	-0.0003445	0.00541114
10.528	-0.0003508	0.00637004
10.53	-0.0003131	0.01195943
10.532	0.00526851	0.08089908
10.534	-0.0002808	0.01416373
10.536	-0.0003629	0.00750554
10.538	-0.0003695	0.00641184
10.54	-0.0003648	0.00703387
10.542	-0.0003639	0.01025241
10.544	0.00148483	0.0409722
10.546	0.19923259	0.14755306
10.548	-0.0002292	0.02132161
10.55	0.00012622	0.02728799
10.552	0.00676801	0.07131331
10.554	-0.0002937	0.00968481
10.556	-0.0003156	0.00646876
10.558	-0.0003143	0.00627514
10.56	-0.0003038	0.00617338
10.562	-0.0002394	0.01299238
10.564	-0.0001651	0.01781122
10.566	-0.0003628	0.00667766
10.568	-0.0003401	0.00781403
10.57	0.00266355	0.04007701
10.572	0.00518448	0.04903981
10.574	-0.0003476	0.00778255
10.576	-0.0003316	0.00635847
10.578	-0.0003449	0.00555688
10.58	-0.0003279	0.00532277
10.582	-0.0002758	0.00985605
10.584	-0.0001138	0.01711902
10.586	-0.0003144	0.00698416
10.588	-0.0003104	0.00939682
10.59	0.00264807	0.03966178
10.592	0.00450946	0.04538837
10.594	-0.0003615	0.00854564
10.596	-0.0003776	0.0057782
10.598	-0.0004443	0.00527905
10.6	-0.0004145	0.00592843
10.602	-0.0003938	0.00510412
10.604	-0.0003907	0.00523327
10.606	-0.0003443	0.00619768
10.608	-0.0003083	0.00642837
10.61	-7.68E-06	0.01928614
10.612	0.00453964	0.05858442
10.614	-0.0003367	0.00892951
10.616	-0.0003274	0.00570037
10.618	-0.0003197	0.0051822
10.62	-0.0003413	0.0060561
10.622	-0.000318	0.0057608
10.624	-0.0003183	0.00591956
10.626	-8.15E-05	0.02035545
10.628	-0.0003242	0.01012824
10.63	-0.0003322	0.0102441
10.632	0.00274699	0.05930354
10.634	-0.0003711	0.01088503
10.636	-0.0004011	0.00721638
10.638	-0.000353	0.00538304
10.64	-0.0002986	0.00578282
10.642	-0.0003518	0.00504931
10.644	-0.0003628	0.0061183
10.646	-0.0003496	0.00512998
10.648	-0.0003432	0.00526606
10.65	-0.0003541	0.00694774
10.652	0.00029799	0.02348853
10.654	0.00233143	0.03896775
10.656	-0.0003531	0.00671561
10.658	-0.0003933	0.0056364
10.66	-0.0004032	0.00635758
10.662	-0.0003994	0.00504424
10.664	-0.0003643	0.00497371
10.666	-0.0003322	0.00616334
10.668	-0.0003154	0.00682393
10.67	-0.0003459	0.00595138
10.672	-0.0003236	0.00677226
10.674	0.00160892	0.04030075
10.676	-0.0001962	0.01483213
10.678	-0.0003025	0.0061412
10.68	-0.0003139	0.00564078
10.682	-0.0003048	0.00578671
10.684	-0.0003687	0.00530286
10.686	-0.0003309	0.00487985
10.688	-0.0003745	0.00496296
10.69	-0.0004217	0.00550078
10.692	-0.0003924	0.00626256
10.694	-0.0003256	0.00769396
10.696	0.00087106	0.03627182
10.698	-0.0003331	0.01053494
10.7	-0.0003302	0.00629864
10.702	-0.0003052	0.00506863
10.704	-0.0003088	0.00492692
10.706	-0.0003338	0.00508517
10.708	-0.0003553	0.00633131
10.71	-0.0004008	0.00511052
10.712	-0.0003123	0.00496422
10.714	-0.0003329	0.00526532
10.716	-0.0003266	0.00698937
10.718	0.00039749	0.02858319
10.72	-0.0002994	0.01054586
10.722	-0.0003324	0.00614103
10.724	-0.0003025	0.00599813
10.726	-0.0002977	0.00573878
10.728	-0.0004315	0.00511218
10.73	-0.000331	0.00522985
10.732	-0.0003186	0.00550932
10.734	-0.0003771	0.00525785
10.736	-0.0002928	0.00515929
10.738	-0.0003167	0.00628507
10.74	-0.0001383	0.01352459
10.742	0.00013525	0.01969453
10.744	-0.0003494	0.00658939
10.746	-0.0004562	0.00527514
10.748	-0.0004406	0.00517489
10.75	-0.0003461	0.00547585
10.752	-0.000277	0.00600394
10.754	-0.0003411	0.00524536
10.756	-0.000355	0.00498507
10.758	-0.0003833	0.00533261
10.76	-0.0003532	0.00540568
10.762	-0.0004906	0.00670372
10.764	-0.0001021	0.02640677
10.766	-0.000427	0.00812894
10.768	-0.0005095	0.01109303
10.77	-0.0005989	0.00585636
10.772	-0.0005949	0.00532207
10.774	-0.0005012	0.00515851
10.776	-0.0004038	0.00506724
10.778	-0.000297	0.00502779
10.78	-0.0003463	0.00510029
10.782	-0.000369	0.00527986
10.784	-0.0003702	0.00649829
10.786	-0.0003737	0.00847462
10.788	-0.0003245	0.01575239
10.79	-0.0003426	0.00576375
10.792	-0.000333	0.00532023
10.794	-0.0003031	0.00525835
10.796	-0.0004185	0.00543175
10.798	-0.0003283	0.00558383
10.8	-0.0003969	0.00694563
10.802	-0.0004762	0.00650065
10.804	-0.000416	0.00957535
10.806	-0.0003712	0.01361112
10.808	-0.0003928	0.01506367
10.81	0.06451497	0.11158753
10.812	0.04262725	0.10033316
10.814	-0.0005087	0.01450798
10.816	-0.000446	0.00934792
10.818	-0.0003515	0.006843
10.82	-0.0003933	0.00619364
10.822	-0.0003573	0.00618494
10.824	-0.0002784	0.0057044
10.826	-0.0003861	0.00560763
10.828	-0.0003633	0.00559442
10.83	-0.0003395	0.00576618
10.832	-0.0003666	0.00727831
10.834	-0.0002968	0.00865737
10.836	-0.0003717	0.01110355
10.838	-0.0003544	0.00686719
10.84	-0.0002901	0.00836334
10.842	-0.0003151	0.0173673
10.844	0.08203899	0.17314798
10.846	0.00070497	0.03601271
10.848	-0.0004612	0.01014191
10.85	-0.0004718	0.00902899
10.852	-0.0004894	0.01322019
10.854	-0.0003482	0.01662908
10.856	-0.0003697	0.00624119
10.858	-0.0004487	0.00631912
10.86	-0.0004265	0.01025636
10.862	-0.0004589	0.00644306
10.864	-0.0004892	0.00560909
10.866	-0.0004246	0.00598747
10.868	-0.0003867	0.00591039
10.87	-0.0003699	0.00626469
10.872	-0.0004179	0.00556961
10.874	-0.0004741	0.00541514
10.876	-0.0004093	0.00533359
10.878	-0.0006604	0.00560913
10.88	-0.0006532	0.00639982
10.882	-0.0005645	0.00622871
10.884	-0.0006227	0.00922768
10.886	-0.0004813	0.00993225
10.888	0.00092884	0.03694083
10.89	-0.0004541	0.00787128
10.892	-0.0004291	0.00585108
10.894	-0.0005694	0.00564416
10.896	-0.0004515	0.00543677
10.898	-0.000463	0.00546512
10.9	-0.0003611	0.00608648
10.902	-0.0003377	0.00648858
10.904	-0.0004359	0.00551398
10.906	-0.000476	0.0055001
10.908	-0.0003157	0.00557626
10.91	-0.0003361	0.00845798
10.912	-0.0003247	0.00573949
10.914	-0.0004348	0.00549338
10.916	-0.0003455	0.00539237
10.918	-0.0003984	0.00546829
10.92	-0.0003369	0.00600777
10.922	-0.0003477	0.00651822
10.924	-0.0003278	0.00545862
10.926	-0.0003557	0.00542543
10.928	-0.0003842	0.00552366
10.93	-0.0003752	0.00648793
10.932	-0.0005292	0.00681571
10.934	-0.0005568	0.00589156
10.936	-0.0003377	0.00689529
10.938	-0.0004703	0.00624185
10.94	-0.0002625	0.01218728
10.942	0.00038157	0.02351249
10.944	-0.0003096	0.00626211
10.946	-0.0003796	0.00572744
10.948	-0.0005421	0.00594806
10.95	-0.0005161	0.00593436
10.952	-0.0003426	0.00660435
10.954	-0.0004764	0.00570771
10.956	-0.0004802	0.00565432
10.958	-0.0005222	0.00583036
10.96	-0.0007155	0.00649507
10.962	-0.0006141	0.00683911
10.964	-0.0006442	0.00706615
10.966	-0.0005594	0.00609555
10.968	-0.0005824	0.00590202
10.97	-0.0005764	0.00654547
10.972	-0.0004313	0.00683866
10.974	-0.0003696	0.00616902
10.976	-0.0003606	0.00580378
10.978	-0.0003961	0.00587644
10.98	-0.0003878	0.00846276
10.982	-0.0005051	0.00636324
10.984	-0.0004304	0.00738928
10.986	-0.0003908	0.01474839
10.988	-0.0004452	0.00807518
10.99	-0.0005849	0.00736847
10.992	-0.000577	0.00751946
10.994	-0.0004292	0.00877274
10.996	-0.0003101	0.00944543
10.998	-0.0003151	0.01485883
11	0.00381992	0.06264677
11.002	0.288396	0.20656284
11.004	-6.87E-05	0.03087061
11.006	-0.000324	0.01277512
11.008	-0.0003738	0.00950589
11.01	-0.0004431	0.00753882
11.012	-0.0003372	0.00845108
11.014	-0.0004326	0.00760507
11.016	-0.0005174	0.00806061
11.018	-0.0004576	0.00639776
11.02	-0.0003318	0.00609815
11.022	-0.0003854	0.00611447
11.024	-0.0003919	0.00674211
11.026	-0.0004567	0.00647069
11.028	-0.0003461	0.0115628
11.03	-0.0006093	0.00750288
11.032	-0.0006378	0.00671828
11.034	0.00656556	0.04087976
11.036	-0.000702	0.00896265
11.038	-0.0007771	0.00724462
11.04	-0.0009401	0.00658143
11.042	-0.0006482	0.00655026
11.044	-0.0005782	0.01249033
11.046	-0.0005482	0.00740952
11.048	-0.0006282	0.00629319
11.05	-0.0006339	0.00619106
11.052	-0.0003533	0.00656973
11.054	-0.0003741	0.00609957
11.056	-0.0003735	0.00593616
11.058	-0.0004522	0.00603256
11.06	-0.0003562	0.00650969
11.062	-0.0004415	0.00624189
11.064	-0.0004052	0.00655735
11.066	-0.0003706	0.00658087
11.068	-0.0004084	0.00603805
11.07	-0.0003705	0.00599483
11.072	-0.000386	0.00611074
11.074	-0.0003966	0.00609451
11.076	-0.0005044	0.0068276
11.078	-0.0004009	0.00696815
11.08	-0.0005442	0.00645166
11.082	-0.0004668	0.00760697
11.084	-0.0004716	0.0069353
11.086	-0.0004144	0.00713959
11.088	-0.0004066	0.00615267
11.09	-0.0003406	0.00604307
11.092	-0.0003428	0.00605306
11.094	-0.0003421	0.00606064
11.096	-0.0003377	0.00606535
11.098	-0.0003932	0.00622219
11.1	-0.0004123	0.00666489
11.102	-0.0004271	0.00618428
11.104	-0.0004368	0.00623176
11.106	-0.0004063	0.00741786
11.108	-0.0004159	0.00664888
11.11	-0.0004236	0.00620861
11.112	-0.0003472	0.00614045
11.114	-0.0003499	0.00615113
11.116	-0.0003508	0.00616055
11.118	-0.0003515	0.00617018
11.12	-0.0004488	0.00630375
11.122	-0.0003951	0.00629395
11.124	-0.0004161	0.00663477
11.126	-0.0004844	0.00645076
11.128	-0.0004275	0.0073038
11.13	-0.0004764	0.00673696
11.132	-0.0005898	0.00665121
11.134	-0.0005149	0.00776434
11.136	-0.0003828	0.00681406
11.138	-0.0004665	0.0077744
11.14	-8.17E-05	0.01958847
11.142	-0.0003864	0.00688626
11.144	-0.0004584	0.00667612
11.146	-0.0006198	0.00658015
11.148	-0.0004525	0.00692422
11.15	-0.0005283	0.00734559
11.152	-0.0004996	0.00665412
11.154	-0.0003703	0.01093746
11.156	-0.000408	0.00702579
11.158	-0.0007084	0.00674233
11.16	-0.000367	0.00677561
11.162	-0.0003611	0.00860172
11.164	-0.0004431	0.00663203
11.166	-0.0004654	0.00648742
11.168	-0.000427	0.00645855
11.17	-0.0003969	0.00667212
11.172	-0.0004384	0.00734456
11.174	-0.0004722	0.00665547
11.176	-0.0003738	0.00644127
11.178	-0.0004166	0.00656522
11.18	-0.0004153	0.0066413
11.182	-0.0004285	0.00652084
11.184	-0.000389	0.00649083
11.186	-0.0003865	0.00649824
11.188	-0.0003905	0.0065106
11.19	-0.0004105	0.00653836
11.192	-0.0004426	0.00669978
11.194	-0.0004041	0.0072553
11.196	-0.0004529	0.00663076
11.198	-0.0004224	0.00675415
11.2	-0.0004237	0.00660945
11.202	-0.0004599	0.00665416
11.204	-0.0004055	0.00674752
11.206	-0.0004186	0.00662001
11.208	-0.0004913	0.00669743
11.21	-0.0006981	0.00691709
11.212	-0.0006713	0.00696512
11.214	-0.0007515	0.00722078
11.216	-0.0006826	0.00820159
11.218	-0.0006989	0.01221941
11.22	0.00183351	0.04426971
11.222	-0.0007348	0.00849369
11.224	-0.0008443	0.00764776
11.226	-0.0008717	0.00737092
11.228	-0.000884	0.00751388
11.23	-0.0005633	0.01071496
11.232	-0.0004153	0.00841758
11.234	1.90E-05	0.02520163
11.236	-0.0005278	0.014513
11.238	-0.0006374	0.00834018
11.24	-0.0006151	0.00774793
11.242	-0.0005993	0.00742298
11.244	-0.000568	0.00740604
11.246	-0.0004977	0.00750471
11.248	-0.0004164	0.00781798
11.25	-0.0004528	0.00926215
11.252	0.00159923	0.03450315
11.254	0.00427915	0.04969697
11.256	-0.0004386	0.00997371
11.258	-0.0004201	0.00865141
11.26	-0.0004764	0.00878476
11.262	-0.0004991	0.00981526
11.264	-0.0004533	0.01071685
11.266	-0.0005458	0.01415461
11.268	-0.0004465	0.02698041
11.27	0.09614608	0.14275484
11.272	0.25604051	0.14320755
11.274	-0.0002714	0.03171138
11.276	-0.0005824	0.01529841
11.278	-0.0006392	0.01128101
11.28	-0.0006265	0.00957813
11.282	-0.0006714	0.00881776
11.284	-0.0007462	0.00844816
11.286	-0.0006039	0.00838197
11.288	-0.0006733	0.00799922
11.29	-0.0005224	0.00808358
11.292	-0.0004656	0.00761821
11.294	-0.0004505	0.00756988
11.296	-0.0005244	0.0076731
11.298	-0.0004856	0.00765159
11.3	-0.0004873	0.00773384
11.302	-0.0005168	0.00791706
11.304	-0.000557	0.00856314
11.306	-0.0005318	0.00832154
11.308	-0.0005037	0.00903566
11.31	-0.000468	0.01130353
11.312	-0.0003308	0.02294846
11.314	0.03195708	0.18401761
11.316	-7.56E-05	0.03298069
11.318	-0.000751	0.01222649
11.32	-0.0007793	0.00971609
11.322	-0.0007665	0.00931158
11.324	-0.0004088	0.02366081
11.326	-0.0008934	0.00908729
11.328	-0.000961	0.00826502
11.33	-0.000966	0.00807688
11.332	-0.00084	0.00793712
11.334	-0.0006162	0.00790655
11.336	-0.0004817	0.00761059
11.338	-0.0004715	0.00763711
11.34	-0.0007623	0.0080948
11.342	-0.000757	0.00817736
11.344	-0.0007954	0.00862559
11.346	-0.0008608	0.01007065
11.348	-0.0006436	0.02169514
11.35	0.00466303	0.08954283
11.352	-0.0007238	0.01417175
11.354	-0.0005779	0.00923329
11.356	-0.0004581	0.00825641
11.358	-0.0004921	0.00808618
11.36	-0.0005717	0.00811501
11.362	-0.0005103	0.00786293
11.364	-0.0004851	0.00782025
11.366	-0.000491	0.00798017
11.368	-0.0006113	0.00812667
11.37	-0.0007143	0.00820122
11.372	-0.0007212	0.00839298
11.374	-0.0006132	0.00864535
11.376	-0.0006254	0.0097079
11.378	-0.0006321	0.01154938
11.38	-0.0004307	0.01997474
11.382	0.02399769	0.14764655
11.384	0.0032445	0.05943519
11.386	-0.0005793	0.01475666
11.388	-0.0006007	0.01150817
11.39	-0.0004832	0.00945357
11.392	-0.0005404	0.00851647
11.394	-0.0004683	0.00818311
11.396	-0.0004653	0.00803031
11.398	-0.0004672	0.00794161
11.4	-0.0005111	0.00803574
11.402	-0.0005097	0.00793128
11.404	-0.0004837	0.00784138
11.406	-0.0004878	0.00782708
11.408	-0.0005044	0.00784423
11.41	-0.0005579	0.0079284
11.412	-0.0007538	0.00807261
11.414	-0.0006279	0.00821006
11.416	-0.0006108	0.01382707
11.418	-0.0007251	0.00840237
11.42	-0.0007866	0.00817612
11.422	-0.0006994	0.00806612
11.424	-0.0007388	0.00817228
11.426	-0.0007029	0.0080965
11.428	-0.0006078	0.00793349
11.43	-0.0006493	0.00798434
11.432	-0.0007162	0.00806817
11.434	-0.0007319	0.0081131
11.436	-0.000672	0.00809947
11.438	-0.0006694	0.00819908
11.44	-0.0006232	0.00810547
11.442	-0.0005394	0.00814688
11.444	-0.0004696	0.0079978
11.446	-0.0004703	0.00802393
11.448	-0.0004665	0.00805374
11.45	-0.0004988	0.00812051
11.452	-0.0004712	0.00812233
11.454	-0.0004939	0.00819491
11.456	-0.0004941	0.00824772
11.458	-0.0004731	0.00828865
11.46	-0.0005347	0.00844338
11.462	-0.0005206	0.00867006
11.464	-0.0005342	0.00876638
11.466	-0.0004792	0.00942309
11.468	-0.0005166	0.00937656
11.47	-0.0004747	0.01011497
11.472	-0.000496	0.01189586
11.474	-0.0004522	0.01744647
11.476	0.00278875	0.06255943
11.478	0.24220828	0.24513145
11.48	-6.28E-05	0.0356679
11.482	-0.0005262	0.01520939
11.484	-0.0004917	0.01129841
11.486	-0.0004788	0.00994866
11.488	-0.0005048	0.00935304
11.49	-0.0004751	0.00897966
11.492	-0.0004697	0.00877996
11.494	-0.0005094	0.00868863
11.496	-0.0004868	0.00859104
11.498	-0.0004818	0.00852145
11.5	-0.0004822	0.00848339
11.502	-0.0005187	0.00854294
11.504	-0.0005561	0.00853505
11.506	-0.0004954	0.00844607
11.508	-0.0004822	0.00841968
11.51	-0.0004823	0.00841694
11.512	-0.0004875	0.00842619
11.514	-0.0005731	0.00849995
11.516	-0.0007157	0.00863116
11.518	-0.0007302	0.00863717
11.52	-0.000747	0.00865062
11.522	-0.0008518	0.00876216
11.524	-0.0008767	0.00883123
11.526	-0.000743	0.00868563
11.528	-0.0007244	0.00869149
11.53	-0.0006467	0.00865638
11.532	-0.0005812	0.008624
11.534	-0.0005053	0.00857884
11.536	-0.0004635	0.00857501
11.538	-0.0005696	0.00873978
11.54	-0.0005966	0.00995776
11.542	-0.0005994	0.00914492
11.544	-0.0006292	0.00908084
11.546	-0.0005594	0.00924851
11.548	-0.0004831	0.0096462
11.55	-0.0005309	0.01090694
11.552	-0.0004399	0.01672304
11.554	0.02831662	0.1159333
11.556	0.00391786	0.05383721
11.558	-0.0004402	0.01495385
11.56	1.88E-05	0.02642584
11.562	0.00310721	0.05375779
11.564	-0.0006251	0.01173636
11.566	-0.0006028	0.01079512
11.568	-0.0006137	0.01031158
11.57	-0.0005956	0.00988182
11.572	-0.0005706	0.00957461
11.574	-0.0005702	0.0093655
11.576	-0.0006214	0.00928338
11.578	-0.0005692	0.00910449
11.58	-0.0006799	0.00913613
11.582	-0.0006715	0.00906802
11.584	-0.0006581	0.00903563
11.586	-0.0005926	0.00894606
11.588	-0.0005693	0.00892251
11.59	-0.0005742	0.0089365
11.592	-0.0005896	0.00899698
11.594	-0.0005261	0.00966557
11.596	-0.0004687	0.0091137
11.598	-0.0005222	0.00893248
11.6	-0.0004177	0.0088505
11.602	-0.0004111	0.0088352
11.604	-0.0004214	0.00886986
11.606	-0.0004897	0.00895212
11.608	-0.0004822	0.0089491
11.61	-0.0004881	0.00898969
11.612	-0.0005026	0.00899169
11.614	-0.0005119	0.00915664
11.616	-0.0005854	0.00916968
11.618	-0.0005378	0.00917036
11.62	-0.0005639	0.00913093
11.622	-0.0005809	0.00913649
11.624	-0.0006001	0.00916904
11.626	-0.0006787	0.00930799
11.628	-0.0007454	0.00964442
11.63	-0.000687	0.00954873
11.632	-0.0005457	0.01591749
11.634	-0.0006353	0.00990197
11.636	-0.0006835	0.00945153
11.638	-0.0007518	0.00957218
11.64	-0.0006502	0.00982289
11.642	-0.0006768	0.00948654
11.644	-0.0005808	0.0094681
11.646	-0.0005976	0.01025157
11.648	0.00131256	0.02744112
11.65	-0.0004841	0.00963457
11.652	-0.0004485	0.00942301
11.654	-0.0004861	0.00944593
11.656	-0.0004088	0.00941863
11.658	-0.0004151	0.00941053
11.66	-0.0004082	0.00956385
11.662	-0.0004366	0.00954911
11.664	-0.0004158	0.00952106
11.666	-0.0004137	0.00956202
11.668	-0.0004149	0.00961885
11.67	-0.0003963	0.00959438
11.672	-0.0003953	0.00963655
11.674	-0.0004089	0.00972145
11.676	-0.0004392	0.0099201
11.678	-0.000406	0.00983957
11.68	-0.0004254	0.00997259
11.682	-0.0004139	0.0101797
11.684	-0.000467	0.01040538
11.686	-0.0004361	0.01050509
11.688	-0.0004293	0.01070067
11.69	-0.0004183	0.01106806
11.692	-0.0003983	0.01167304
11.694	-0.0004662	0.01298135
11.696	-0.0006204	0.01586863
11.698	-0.0006912	0.02491353
11.7	0.00660607	0.09403914
11.702	0.07760321	0.29885466
11.704	-0.0003596	0.04461702
11.706	-0.0007488	0.02022346
11.708	-0.0007769	0.01545397
11.71	-0.0007282	0.01384472
11.712	-0.0006185	0.01320545
11.714	-0.0005599	0.01352562
11.716	-0.0006166	0.01616812
11.718	0.0006149	0.05385493
11.72	-0.0004996	0.02088754
11.722	-0.0004508	0.02045039
11.724	0.07908225	0.10539446
11.726	0.01996605	0.08171571
11.728	1.99E-05	0.06839964
11.73	0.19364929	0.27791614
11.732	0.38160696	0.27062713
11.734	0.00066576	0.07369186
11.736	-0.0005556	0.03100034
11.738	-0.0006378	0.02057981
11.74	-0.0005635	0.01651176
11.742	-0.0005768	0.01439741
11.744	-0.0005879	0.01334304
11.746	-0.0005679	0.01270942
11.748	-0.0006498	0.01243575
11.75	-0.0006213	0.0136562
11.752	-0.0006931	0.01266969
11.754	-0.0007583	0.01225966
11.756	-0.0006507	0.01183818
11.758	-0.0006424	0.01202739
11.76	-0.0006403	0.01250017
11.762	-0.000589	0.01325404
11.764	-0.0005382	0.01502871
11.766	-0.0006187	0.02005783
11.768	-0.0002464	0.04301761
11.77	0.31114871	0.22438457
11.772	0.0236084	0.12030357
11.774	-0.0004946	0.02727864
11.776	-0.0005599	0.01706259
11.778	-0.000555	0.01391468
11.78	-0.0005201	0.01252794
11.782	-0.000527	0.01191801
11.784	-0.0005326	0.01158402
11.786	-0.0004519	0.01118112
11.788	-0.0004738	0.01104924
11.79	-0.0004736	0.01104101
11.792	-0.000464	0.01089357
11.794	-0.0004873	0.010909
11.796	-0.000471	0.01099256
11.798	-0.0005036	0.01079399
11.8	-0.0004582	0.01092088
11.802	-0.0004815	0.01076412
11.804	-0.0004585	0.01067677
11.806	-0.0004504	0.0107442
11.808	-0.000462	0.01064882
11.81	-0.0005265	0.01089413
11.812	-0.0004913	0.01220769
11.814	-0.0006029	0.010872
11.816	-0.0006033	0.01097514
11.818	-0.0005694	0.01101326
11.82	-0.0006768	0.01087824
11.822	-0.0007317	0.01137885
11.824	-0.0007357	0.01248016
11.826	-0.0007724	0.01165774
11.828	-0.000715	0.01091603
11.83	-0.0007319	0.01092886
11.832	-0.0008467	0.01116923
11.834	-0.0008471	0.01116892
11.836	-0.0007807	0.01100054
11.838	-0.0008242	0.01130026
11.84	-0.0007995	0.01131725
11.842	-0.0008847	0.01126546
11.844	-0.0008689	0.01128644
11.846	-0.0008424	0.0114152
11.848	-0.0007588	0.01111093
11.85	-0.0006932	0.01109338
11.852	-0.00065	0.01125027
11.854	-0.0006693	0.01116468
11.856	-0.0006719	0.01122209
11.858	-0.0006808	0.01121601
11.86	-0.000648	0.01135723
11.862	-0.0006865	0.01167069
11.864	-0.0006453	0.011604
11.866	-0.0006087	0.01148236
11.868	-0.000601	0.01199411
11.87	-0.000619	0.01199695
11.872	-0.0006179	0.01283218
11.874	-0.0005926	0.01636676
11.876	-0.0004049	0.02833746
11.878	0.00563631	0.12129484
11.88	-0.0005828	0.02360821
11.882	-0.0006669	0.01494114
11.884	-0.0007093	0.01378722
11.886	-0.0006849	0.01268059
11.888	-0.0006781	0.01269818
11.89	-0.0006169	0.01435515
11.892	-0.0005821	0.01267353
11.894	-0.0006458	0.01260246
11.896	-0.0005378	0.01318234
11.898	-0.0005062	0.01528869
11.9	0.00077021	0.04506482
11.902	-0.0005734	0.0226478
11.904	0.01236467	0.09801772
11.906	0.07070976	0.23554217
11.908	0.00623873	0.07878943
11.91	-0.0007476	0.02425533
11.912	-0.000848	0.01567013
11.914	-0.0009279	0.01417044
11.916	-0.000673	0.01314322
11.918	-0.0005956	0.01244559
11.92	-0.0005172	0.01209006
11.922	-0.0005312	0.01201624
11.924	-0.0005632	0.01219446
11.926	-0.0006954	0.01213584
11.928	-0.0006491	0.0125526
11.93	-0.0006793	0.01219296
11.932	-0.0005538	0.01787869
11.934	-0.0006448	0.01307864
11.936	-0.0005903	0.01225179
11.938	-0.0006491	0.01236112
11.94	-0.0005838	0.01198736
11.942	-0.0005851	0.01185564
11.944	-0.0007186	0.01230988
11.946	-0.0007081	0.01197382
11.948	-0.0006597	0.0120387
11.95	-0.000695	0.01266545
11.952	-0.0007793	0.0121405
11.954	-0.0006748	0.01241562
11.956	-0.0006648	0.01206622
11.958	-0.0006318	0.01217894
11.96	-0.0006772	0.01258805
11.962	-0.0006484	0.01281294
11.964	-0.0006614	0.01300192
11.966	-0.0005779	0.01535575
11.968	-0.0003423	0.03617245
11.97	-0.0005699	0.01639924
11.972	-0.0005725	0.01323493
11.974	-0.0005884	0.01263282
11.976	-0.0006277	0.01265854
11.978	-0.0005977	0.01226259
11.98	-0.0005905	0.01230589
11.982	-0.0006241	0.01260318
11.984	-0.000696	0.01275347
11.986	-0.0007306	0.01309139
11.988	-0.0006997	0.01244441
11.99	-0.0007363	0.0124065
11.992	-0.0006966	0.01241009
11.994	-0.0006621	0.01270822
11.996	-0.0006097	0.01258193
11.998	-0.0006284	0.01285161
12	-0.0005843	0.01238423
12.002	-0.0006163	0.01243405
12.004	-0.0006124	0.0126115
12.006	-0.0005986	0.01302897
12.008	-0.0005758	0.01391053
12.01	-0.0005665	0.01255557
12.012	-0.000553	0.01249935
12.014	-0.0005688	0.01255861
12.016	-0.0005616	0.01307599
12.018	-0.0005674	0.01280721
12.02	-0.0005651	0.01307912
12.022	-0.0005523	0.01260343
12.024	-0.0005976	0.01267269
12.026	-0.0006114	0.01313074
12.028	-0.0005951	0.01316036
12.03	-0.0006141	0.01439603
12.032	-0.0006824	0.01313077
12.034	-0.0007208	0.01298711
12.036	-0.0007457	0.01355259
12.038	-0.0007412	0.01391102
12.04	-0.0007373	0.01332347
12.042	-0.0008091	0.01372554
12.044	-0.0007557	0.0131525
12.046	-0.0008158	0.01329351
12.048	-0.0008086	0.0139752
12.05	-0.0007891	0.01357124
12.052	-0.000756	0.01462661
12.054	-0.0007975	0.01512565
12.056	-0.0007211	0.01365356
12.058	-0.0007708	0.01447987
12.06	-0.0007708	0.01392833
12.062	-0.0007702	0.01417523
12.064	-0.0007813	0.01537526
12.066	-0.0008416	0.01511329
12.068	-0.0009091	0.01666717
12.07	-0.0010311	0.01729021
12.072	-0.0008798	0.01907457
12.074	-0.0008515	0.02430113
12.076	-0.0009501	0.02518839
12.078	-0.0010824	0.03103548
12.08	0.01530333	0.11299957
12.082	0.02238227	0.40582408
12.084	0.00174209	0.07720523
12.086	-0.000669	0.02921266
12.088	-0.0006903	0.02495871
12.09	-0.0003633	0.0512207
12.092	-0.0006829	0.02163547
12.094	-0.0007356	0.01742657
12.096	-0.0007069	0.0155876
12.098	-0.0006889	0.01726357
12.1	-0.0006902	0.01707789
12.102	-0.0007049	0.01578117
12.104	-0.0006949	0.014772
12.106	-0.0006915	0.0148178
12.108	-0.0007607	0.01513403
12.11	-0.000799	0.01612039
12.112	-0.000783	0.01756237
12.114	-0.0007913	0.0194131
12.116	-0.0006522	0.03095923
12.118	0.09133936	0.18421473
12.12	0.02093598	0.11167928
12.122	-0.0007312	0.03125556
12.124	-0.0007543	0.01977844
12.126	-0.000768	0.01641529
12.128	-0.0007794	0.01548635
12.13	-0.0008021	0.01519079
12.132	-0.0007443	0.01550008
12.134	-0.0007378	0.01467904
12.136	-0.0007306	0.01546538
12.138	-0.0006716	0.01443083
12.14	-0.0007151	0.01454115
12.142	-0.0006783	0.01570811
12.144	-0.0006686	0.01942426
12.146	-0.0007003	0.01895823
12.148	-0.0007398	0.01476507
12.15	-0.0007524	0.01461313
12.152	-0.0007249	0.01545796
12.154	-0.0006787	0.01591115
12.156	-0.0006747	0.0184289
12.158	-0.0006755	0.01594633
12.16	-0.0007468	0.01470847
12.162	-0.0007816	0.01466109
12.164	-0.0007938	0.01600356
12.166	-0.0008078	0.01600843
12.168	-0.0008109	0.02481314
12.17	-0.0008666	0.01721731
12.172	-0.0008646	0.01499513
12.174	-0.0009149	0.01630416
12.176	-0.0008908	0.0150179
12.178	-0.0008964	0.01492342
12.18	-0.0009223	0.01629
12.182	-0.0009123	0.01503842
12.184	-0.0009601	0.01554895
12.186	-0.0010018	0.01624606
12.188	-0.0009821	0.01571365
12.19	-0.0009195	0.02172779
12.192	-0.0008141	0.02461349
12.194	-0.0009027	0.01626179
12.196	-0.0008972	0.01655726
12.198	-0.0009131	0.01545523
12.2	-0.0008369	0.0152498
12.202	-0.0008648	0.01515641
12.204	-0.0008718	0.01518751
12.206	-0.0008989	0.01588877
12.208	-0.0008101	0.01684345
12.21	-0.0008732	0.01567443
12.212	-0.0008452	0.0170272
12.214	-0.0006073	0.03272223
12.216	-0.0008095	0.01932286
12.218	-0.0008412	0.01607176
12.22	-0.000768	0.01709141
12.222	-0.0007945	0.01570401
12.224	-0.0008138	0.01548546
12.226	-0.0008214	0.01641145
12.228	-0.0008786	0.01573483
12.23	-0.0007387	0.01744852
12.232	-0.0007387	0.01582302
12.234	-0.0006719	0.01631061
12.236	-0.0006767	0.02060336
12.238	-0.0002592	0.03863227
12.24	-0.0008291	0.01793113
12.242	-0.0007764	0.01803378
12.244	-0.0008679	0.01634911
12.246	-0.0008495	0.01618585
12.248	-0.0008965	0.02048096
12.25	-0.0009366	0.01681807
12.252	-0.0009164	0.01640737
12.254	-0.0007761	0.01878526
12.256	-0.0008546	0.01691135
12.258	-0.0008022	0.01811995
12.26	-0.0002225	0.03741735
12.262	-0.0005462	0.03928924
12.264	-0.0008523	0.02155228
12.266	-0.0008737	0.01998548
12.268	-0.0008657	0.01870992
12.27	-0.0008649	0.02172687
12.272	-0.0009221	0.0227028
12.274	-0.0007685	0.03299227
12.276	0.02518043	0.13644284
12.278	0.0530888	0.19583359
12.28	-0.0007717	0.04074919
12.282	-0.0008298	0.03368279
12.284	0.00029498	0.06717673
12.286	0.027614	0.12936394
12.288	0.11576352	0.24078973
12.29	-0.0006942	0.03823342
12.292	-0.0009181	0.02445607
12.294	-0.0008676	0.02177278
12.296	-0.0009144	0.01915442
12.298	-0.0009559	0.01880577
12.3	-0.000755	0.02042675
12.302	-0.0008944	0.01901446
12.304	-0.0007989	0.0205937
12.306	-0.000797	0.0234792
12.308	0.00049382	0.06084787
12.31	-0.0008287	0.02229261
12.312	-0.0008664	0.01861235
12.314	-0.0008731	0.01885863
12.316	-0.0007913	0.01986241
12.318	-0.0008855	0.01750158
12.32	-0.0008886	0.01750741
12.322	-0.0009553	0.01763227
12.324	-0.0009331	0.01894097
12.326	-0.0009604	0.01857846
12.328	-0.0008175	0.02178354
12.33	-0.0007658	0.02887664
12.332	0.00132019	0.06556813
12.334	-0.0009264	0.02195125
12.336	-0.0008982	0.0201868
12.338	-0.0007172	0.02099058
12.34	-0.0008608	0.01835998
12.342	-0.0008673	0.01809449
12.344	-0.0008977	0.01828585
12.346	-0.0008779	0.02013187
12.348	-0.0010043	0.01942031
12.35	-0.0008654	0.02212017
12.352	-0.0009919	0.02125507
12.354	-0.0003939	0.0401309
12.356	0.00209911	0.06618315
12.358	-0.0009213	0.02618022
12.36	-0.0010302	0.02192943
12.362	-0.0008291	0.02547328
12.364	-0.0009254	0.02481861
12.366	-0.0009314	0.03058279
12.368	-0.0006023	0.05002446
12.37	0.00695363	0.13038641
12.372	0.09545008	0.55821737
12.374	0.003714	0.14238997
12.376	0.02575101	0.14132348
12.378	0.0004563	0.06679465
12.38	0.00284674	0.0707792
12.382	-0.0009445	0.0265987
12.384	-0.0009826	0.02276117
12.386	-0.0007768	0.02503788
12.388	-0.0009937	0.02096087
12.39	-0.0008647	0.02192869
12.392	-0.0007509	0.02251441
12.394	-0.0008736	0.02046187
12.396	-0.0007141	0.02955656
12.398	-0.0006202	0.02527985
12.4	-0.0009426	0.02481988
12.402	0.00335084	0.06548289
12.404	0.0013232	0.05838085
12.406	0.00549346	0.05856567
12.408	-0.0008333	0.02586081
12.41	-0.0007262	0.02443069
12.412	-0.000838	0.02197225
12.414	-0.0007326	0.02314301
12.416	-0.000914	0.02040486
12.418	-0.0009443	0.02015126
12.42	-0.0009954	0.02059766
12.422	-0.0006003	0.02725227
12.424	-0.0009968	0.02467667
12.426	0.00291256	0.0705225
12.428	0.00146262	0.06037889
12.43	-0.000889	0.02512471
12.432	-0.0008752	0.02316708
12.434	-0.0008445	0.02522355
12.436	-0.0009055	0.02556101
12.438	-0.0007129	0.03191223
12.44	-0.000933	0.03649511
12.442	-0.0001895	0.06996069
12.444	0.35820456	0.22822034
12.446	0.14609158	0.21705782
12.448	-0.0006888	0.06582349
12.45	0.00141585	0.08592447
12.452	0.00479998	0.15057471
12.454	0.15738113	0.22636871
12.456	-0.0006374	0.04575873
12.458	-0.0008526	0.02900014
12.46	-0.0003871	0.02838858
12.462	-0.0008344	0.02410931
12.464	-0.000877	0.02270886
12.466	-0.0008943	0.02257664
12.468	-0.0007776	0.02604929
12.47	-0.0009577	0.0232363
12.472	-0.0003072	0.02981807
12.474	7.09E-05	0.05081738
12.476	0.00345368	0.08059968
12.478	-0.000541	0.03168641
12.48	-0.000917	0.02399739
12.482	-0.0009049	0.02280082
12.484	-0.0004247	0.02781804
12.486	-0.0008257	0.02397607
12.488	-0.0009085	0.02292641
12.49	-0.0005507	0.02817654
12.492	-0.0009287	0.02402321
12.494	-0.0009308	0.02512981
12.496	-0.000438	0.03096974
12.498	-0.0006199	0.04514786
12.5	0.00196797	0.09316179
12.502	-0.0007357	0.03785381
12.504	-0.0009875	0.03004011
12.506	-0.0009886	0.0313305
12.508	-0.0009214	0.03356921
12.51	-0.0004709	0.04264944
12.512	-0.0008556	0.04990247
12.514	0.15881801	0.1278813
12.516	0.01648531	0.13966715
12.518	0.01133838	0.17369578
12.52	0.40482583	0.44914862
12.522	1.50203897	0.47606249
12.524	0.73850005	0.46374216
12.526	0.00962347	0.22540053
12.528	-0.0005527	0.10017667
12.53	-0.0009992	0.06469462
12.532	-0.0010467	0.05114879
12.534	0.00024391	0.05588121
12.536	-0.0006169	0.06575265
12.538	0.0355583	0.29361602
12.54	0.00196329	0.09023694
12.542	-0.0010919	0.04336288
12.544	-0.0011102	0.03707038
12.546	0.00013534	0.04780661
12.548	0.00139328	0.08857339
12.55	-0.0006477	0.05135666
12.552	-0.0010362	0.04568068
12.554	-0.001076	0.04286883
12.556	-0.0007558	0.05378791
12.558	-0.0008895	0.06992725
12.56	0.0012802	0.12138978
12.562	0.03538179	0.31494527
12.564	1.80266296	0.45915718
12.566	0.46641261	0.42159817
12.568	0.00405094	0.18392786
12.57	-0.0006203	0.08817251
12.572	-0.0003628	0.08055888
12.574	0.00223585	0.07717065
12.576	-0.0010052	0.04077777
12.578	-0.0010295	0.03548927
12.58	-0.0007596	0.03780608
12.582	-0.001163	0.03142745
12.584	-0.0011393	0.03144141
12.586	-0.0003136	0.03843543
12.588	-0.0010443	0.03223724
12.59	-0.0005336	0.04244463
12.592	-0.0010951	0.04872125
12.594	0.00657946	0.12463835
12.596	0.27347932	0.47579033
12.598	0.00486537	0.13225734
12.6	-0.0010338	0.05157168
12.602	-0.0005801	0.04670488
12.604	-0.0009906	0.03605435
12.606	-0.0007197	0.0492907
12.608	-0.0009211	0.04031557
12.61	7.35E-05	0.04588138
12.612	-0.0007986	0.04693647
12.614	-4.86E-05	0.05821463
12.616	-0.0005907	0.06023434
12.618	-0.0004373	0.07379002
12.62	-4.63E-05	0.08939996
12.622	0.00288424	0.13197535
12.624	0.00097332	0.1682623
12.626	0.00210033	0.27562881
12.628	0.00330463	0.2543488
12.63	0.00410496	0.35690243
12.632	0.00559529	0.4679369
12.634	0.00448484	0.53851841
12.636	0.01120734	0.14427098
12.638	-0.0004025	0.06020389
12.64	-0.0011033	0.03923644
12.642	-0.0011276	0.03449115
12.644	-0.0011459	0.03016559
12.646	-0.0009366	0.03296897
12.648	0.00036496	0.03627101
12.65	-0.0002151	0.0355742
12.652	-0.0011251	0.02730804
12.654	-0.0011688	0.02838393
12.656	-0.0011664	0.02743755
12.658	-0.0009266	0.03202502
12.66	0.0003935	0.0441251
12.662	0.00011199	0.03573442
12.664	-0.0010388	0.02768916
12.666	-0.0010357	0.02551148
12.668	-0.0010611	0.02561648
12.67	-0.0005528	0.02993675
12.672	0.0009025	0.03621577
12.674	0.00045294	0.03429952
12.676	-0.001011	0.02607375
12.678	-0.0010503	0.02666273
12.68	-0.0004418	0.03042508
12.682	-0.0009269	0.02911625
12.684	-0.0008579	0.0358276
12.686	0.00073762	0.05119285
12.688	-0.0009722	0.02790463
12.69	-0.0009734	0.02622836
12.692	-0.0001228	0.03375989
12.694	-0.0009406	0.03051702
12.696	-0.000776	0.03717062
12.698	-0.0009319	0.02865662
12.7	0.00145095	0.03562919
12.702	-0.0009452	0.02824553
12.704	-8.06E-05	0.03586542
12.706	-0.0009547	0.02773138
12.708	-0.0009328	0.03047463
12.71	-0.000286	0.06051338
12.712	0.00097417	0.04525283
12.714	-0.0008902	0.03001116
12.716	0.00035463	0.03734282
12.718	-0.0009497	0.02869307
12.72	-0.000958	0.02979386
12.722	-0.0009901	0.0327281
12.724	0.00223609	0.0433695
12.726	-0.0007309	0.03788362
12.728	0.00047759	0.04297127
12.73	-0.0010327	0.03584484
12.732	-0.0010694	0.03968334
12.734	-0.0009944	0.05075154
12.736	0.00202375	0.09828096
12.738	-0.0007963	0.06073126
12.74	0.00021624	0.07344735
12.742	-0.0007251	0.09617675
12.744	0.00360307	0.19043948
12.746	0.30524639	0.49663813
12.748	1.44331152	0.94732636
12.75	0.06458515	0.37395562
12.752	0.00132855	0.15088168
12.754	-0.0008735	0.08215398
12.756	-0.0010561	0.05975934
12.758	-0.0010539	0.05101964
12.76	0.00015945	0.07377663
12.762	0.00273311	0.08595929
12.764	0.00061605	0.04982132
12.766	-0.0009859	0.03571896
12.768	-0.0009786	0.03474575
12.77	-0.0009727	0.0352057
12.772	-0.0005244	0.04055762
12.774	-0.0008736	0.03500271
12.776	0.00337731	0.04490366
12.778	0.00102569	0.03896794
12.78	-0.0009314	0.03163329
12.782	-0.0009144	0.03157324
12.784	-9.83E-05	0.04187031
12.786	0.00129187	0.08026192
12.788	0.0020646	0.06114577
12.79	0.0012363	0.04372673
12.792	-0.0009392	0.03175727
12.794	-0.0009673	0.03378215
12.796	0.0002584	0.03939613
12.798	-0.0009207	0.030503
12.8	-0.0008869	0.03285681
12.802	0.00458718	0.05423815
12.804	-0.0008915	0.03319327
12.806	-0.0009246	0.03164561
12.808	0.00031692	0.0412632
12.81	-0.0009364	0.03757137
12.812	0.00089419	0.08746491
12.814	0.00179301	0.05495332
12.816	-0.0009094	0.03488217
12.818	-0.0007454	0.03784009
12.82	0.00029304	0.04400568
12.822	-0.0008994	0.03295514
12.824	-0.0009111	0.03674704
12.826	-0.0008866	0.04223292
12.828	0.00213911	0.06370645
12.83	0.0032606	0.11440399
12.832	0.18705125	0.49343553
12.834	0.00278818	0.10899989
12.836	-0.0009702	0.05821347
12.838	0.0011753	0.10106883
12.84	0.00399215	0.06399428
12.842	-0.0005767	0.04727731
12.844	0.00101831	0.05793334
12.846	-0.0008149	0.04036479
12.848	-0.0008459	0.04197557
12.85	-0.0008187	0.03838386
12.852	0.00551453	0.05549998
12.854	-0.0007567	0.04007089
12.856	0.0019574	0.04839509
12.858	-0.0009193	0.03933197
12.86	-0.0009549	0.04383445
12.862	-0.0007787	0.05714151
12.864	0.00117355	0.1195274
12.866	0.00363527	0.10993619
12.868	0.02317083	0.23520328
12.87	0.87982442	0.72970824
12.872	0.07852297	0.30013016
12.874	-6.91E-05	0.10136023
12.876	-0.0001418	0.06946172
12.878	0.00337255	0.06736405
12.88	0.00328588	0.05791423
12.882	-0.0008547	0.04428597
12.884	-0.000918	0.04268107
12.886	-0.0009026	0.04530804
12.888	0.00028935	0.06659971
12.89	0.00062727	0.12669296
12.892	0.01266601	0.20078065
12.894	0.22183716	0.73668059
12.896	0.01260803	0.17593887
12.898	-0.0007225	0.06811497
12.9	0.00045417	0.05691781
12.902	-0.0009773	0.04709256
12.904	-0.000846	0.04448511
12.906	0.00852836	0.06746538
12.908	-0.0009649	0.03670008
12.91	-0.0009545	0.03657259
12.912	0.00063109	0.04802632
12.914	-0.0006247	0.06298414
12.916	0.00039522	0.08786717
12.918	0.01193361	0.07828235
12.92	-0.0004779	0.05648658
12.922	-0.0009908	0.03629912
12.924	0.00142503	0.04741585
12.926	-0.0009486	0.04021276
12.928	-0.0009782	0.03859923
12.93	-0.0010261	0.03663614
12.932	0.00930367	0.06814156
12.934	-0.0009974	0.03776875
12.936	0.0026911	0.0686079
12.938	-0.0010475	0.03970871
12.94	-0.0010339	0.04548683
12.942	-2.72E-05	0.07922026
12.944	0.00547603	0.08500879
12.946	-0.0010784	0.04846783
12.948	0.00254729	0.0520514
12.95	-0.001198	0.03797248
12.952	-0.0011897	0.04614794
12.954	-0.0011557	0.0392472
12.956	-0.0006658	0.04819471
12.958	0.00658381	0.08833429
12.96	0.00277601	0.07155447
12.962	-0.0009834	0.0452706
12.964	-0.0006322	0.0590663
12.966	-0.0004131	0.07515028
12.968	-0.0002401	0.08799639
12.97	0.01055348	0.11249445
12.972	0.00249458	0.06294229
12.974	-0.0010466	0.04573906
12.976	-0.0009884	0.05870911
12.978	-0.0011393	0.05010177
12.98	-0.0009954	0.05385643
12.982	0.00026885	0.0982324
12.984	0.00805388	0.13449546
12.986	0.15808582	0.39114314
12.988	-0.0002964	0.08092046
12.99	-0.0010617	0.0554552
12.992	-0.0010692	0.05229644
12.994	0.000757	0.09190717
12.996	0.00864045	0.13034976
12.998	0.00369349	0.07665997
13	-0.0007172	0.07047132
13.002	-0.000368	0.12451062
13.004	0.32741741	0.31298637
13.006	0.20548129	0.29080238
13.008	-0.000308	0.09632804
13.01	0.01273087	0.09677744
13.012	-0.0009898	0.05026963
13.014	-0.0010788	0.04522
13.016	0.00099456	0.05634201
13.018	-0.0010395	0.04745652
13.02	0.00086694	0.07982241
13.022	0.00442017	0.12097774
13.024	0.01940126	0.08199705
13.026	-0.0001562	0.08437445
13.028	0.00372913	0.12698328
13.03	-0.0005797	0.06098375
13.032	-0.0008119	0.0538577
13.034	0.00973056	0.09437397
13.036	0.00823184	0.06163152
13.038	0.0079128	0.0597929
13.04	-0.0010088	0.04464536
13.042	0.00106347	0.05445459
13.044	-0.0010228	0.04861016
13.046	0.00047692	0.0803084
13.048	0.00866814	0.14080037
13.05	0.02076966	0.11284972
13.052	0.00371362	0.18772327
13.054	0.00243744	0.07884497
13.056	-0.0011344	0.04600817
13.058	-0.0011474	0.04222536
13.06	-0.0011918	0.04196862
13.062	0.00716708	0.06114278
13.064	0.0088939	0.06409689
13.066	0.00282741	0.05879223
13.068	-0.0006913	0.0550979
13.07	-0.0010289	0.05208129
13.072	0.00073669	0.09307589
13.074	0.00693328	0.18485874
13.076	0.02591022	0.27596539
13.078	0.00553718	0.13132555
13.08	0.00044646	0.0665657
13.082	0.00010321	0.05769923
13.084	0.00035032	0.05749138
13.086	-0.0004874	0.0518316
13.088	-0.0004728	0.0537617
13.09	0.01478982	0.0970585
13.092	-0.0007874	0.05918
13.094	-0.0008963	0.05399366
13.096	-0.0008427	0.05910928
13.098	0.00099693	0.10239914
13.1	0.01437043	0.34358212
13.102	0.01793814	0.27630096
13.104	0.00646584	0.09902304
13.106	-0.0010527	0.05580684
13.108	-0.0010782	0.0510005
13.11	-0.0010651	0.04838465
13.112	-0.0001	0.05749495
13.114	-0.0012454	0.05075903
13.116	0.01904758	0.09105143
13.118	-0.0011981	0.05107601
13.12	-0.0011547	0.05497415
13.122	-0.0010843	0.06730942
13.124	0.02262864	0.20158013
13.126	0.008799	0.34252215
13.128	0.04844957	0.28225924
13.13	0.02529073	0.11506382
13.132	-0.001166	0.06484802
13.134	-0.0010373	0.05736881
13.136	0.00159067	0.0623794
13.138	-0.0011789	0.05426902
13.14	-0.0011811	0.05525892
13.142	0.00747094	0.07438394
13.144	0.01077788	0.08661452
13.146	-2.60E-05	0.10341762
13.148	0.00392709	0.13058582
13.15	0.00832636	0.31916362
13.152	0.06217818	0.38912917
13.154	0.11095452	0.27848609
13.156	0.01197438	0.10900411
13.158	0.01252555	0.08426243
13.16	0.00154972	0.07092459
13.162	-0.0009632	0.06544687
13.164	-0.0012232	0.0576552
13.166	-0.0011957	0.05667359
13.168	0.0117203	0.07153635
13.17	-0.0006633	0.07010213
13.172	0.01581881	0.11131297
13.174	0.026362	0.23552535
13.176	4.54E-05	0.15801886
13.178	0.25590628	0.29938208
13.18	0.15212497	0.29424604
13.182	0.01345741	0.12593813
13.184	-0.000275	0.08330118
13.186	0.02792385	0.08632949
13.188	-0.0011043	0.06575674
13.19	-0.0005161	0.07267515
13.192	-0.001333	0.05956781
13.194	-0.0010926	0.06515014
13.196	0.01252291	0.1152839
13.198	0.00967808	0.15837112
13.2	0.04023585	0.3391694
13.202	0.0061919	0.22021045
13.204	0.37970346	0.42584343
13.206	0.20855905	0.497438
13.208	0.00206665	0.18852318
13.21	0.0186554	0.18091945
13.212	0.00118005	0.10990394
13.214	-9.45E-05	0.09721311
13.216	0.00034805	0.09933486
13.218	-0.0007963	0.08253369
13.22	-0.0009325	0.08318072
13.222	0.01430178	0.11070707
13.224	0.01056507	0.19945484
13.226	0.03601355	0.28252459
13.228	0.07961328	0.35034679
13.23	0.55565617	0.40139274
13.232	0.14090186	0.68625028
13.234	0.01009244	0.22214146
13.236	0.02381543	0.15972822
13.238	-0.0010736	0.09327923
13.24	-0.0011785	0.0957954
13.242	0.00245009	0.1128672
13.244	-0.0013415	0.10398771
13.246	-0.0010709	0.12564489
13.248	0.00372749	0.217821
13.25	0.48003539	0.49980416
13.252	1.32720232	0.46929284
13.254	0.00550384	0.43337491
13.256	0.64953785	0.48131001
13.258	0.41803648	0.54743314
13.26	0.04204368	0.42957187
13.262	0.01609995	0.26062404
13.264	0.44314586	0.51019215
13.266	0.0528692	0.32252004
13.268	-0.000718	0.12999062
13.27	-0.0011956	0.10421862
13.272	-0.0012206	0.09848842
13.274	-0.0010408	0.10691183
13.276	0.02127857	0.22211831
13.278	0.03650841	0.32251989
13.28	0.00282219	0.24288997
13.282	0.57085397	0.45084198
13.284	0.90424664	0.54190038
13.286	0.0128324	0.43191005
13.288	0.01913652	0.24509833
13.29	0.01520513	0.15484419
13.292	0.12769151	0.23699017
13.294	0.35282565	0.12330144
13.296	-0.0011201	0.10651604
13.298	-0.001168	0.10472608
13.3	-0.0006258	0.11796734
13.302	0.0235728	0.17772377
13.304	0.0223777	0.3392863
13.306	0.02938469	0.27597088
13.308	0.36395	0.56115607
13.31	1.6682326	0.75724638
13.312	0.03947024	0.47491457
13.314	0.01446367	0.38884475
13.316	0.01719948	0.2059417
13.318	0.01117359	0.16883241
13.32	0.00586458	0.14968607
13.322	0.02367547	0.15844869
13.324	0.00811827	0.13313548
13.326	0.00259632	0.13752634
13.328	0.00588463	0.18226494
13.33	0.06447203	0.35385514
13.332	0.0131503	0.3342701
13.334	0.1625073	0.60720942
13.336	1.99656156	1.57738647
13.338	0.29434547	0.62823218
13.34	0.00261312	0.3286073
13.342	0.01975921	0.34816143
13.344	0.03360883	0.21916775
13.346	-0.0006816	0.13825234
13.348	-0.0006318	0.12768377
13.35	-0.0008406	0.12936522
13.352	-0.0008698	0.13979773
13.354	-0.0008839	0.16778395
13.356	0.00857791	0.28579084
13.358	0.02621719	0.52685778
13.36	0.11901951	0.76534392
13.362	2.10629584	1.30641271
13.364	1.34287749	1.02518636
13.366	0.06120948	0.58142531
13.368	-0.0001234	0.33106741
13.37	0.01782373	0.36001402
13.372	0.02091563	0.21013649
13.374	-0.0011189	0.14785241
13.376	-0.0011519	0.13971484
13.378	-0.0011016	0.1393781
13.38	-0.0010084	0.15342546
13.382	-0.0003372	0.19854017
13.384	0.03579207	0.38735045
13.386	0.02736331	0.58239254
13.388	0.67291372	0.83777608
13.39	2.82294504	1.99379059
13.392	0.28049126	0.76407106
13.394	0.00799128	0.37033087
13.396	-0.0006087	0.26095635
13.398	0.02721978	0.307679
13.4	0.02303095	0.19306484
13.402	-0.0009916	0.15249169
13.404	-0.0011035	0.15015196
13.406	-0.0010099	0.16221408
13.408	0.00046588	0.20606255
13.41	0.00706352	0.28803817
13.412	0.01327516	0.57498704
13.414	0.14636155	0.79766691
13.416	2.04325576	1.72919173
13.418	1.47994838	1.15444477
13.42	0.0694446	0.67393761
13.422	0.00102494	0.39817672
13.424	0.06158449	0.47172235
13.426	1.57241317	0.79757232
13.428	0.08395288	0.44019352
13.43	0.0325041	0.28135273
13.432	-0.0011426	0.20982429
13.434	-0.0007277	0.23099072
13.436	0.25431772	0.32261451
13.438	0.51259737	0.47913544
13.44	0.02757263	0.64723161
13.442	0.77557592	1.11004807
13.444	-5.3895731	13.1767047
13.446	0.74183639	1.07589584
13.448	0.0531316	0.60064527
13.45	0.01607223	0.38021882
13.452	0.02612833	0.33477353
13.454	0.01242508	0.25951547
13.456	0.00384993	0.22250678
13.458	0.02657155	0.2470394
13.46	0.01602469	0.28281758
13.462	0.00292635	0.30150774
13.464	0.01092627	0.48624124
13.466	0.03863422	0.56056908
13.468	0.40014137	0.92780064
13.47	1.06495151	4.25297307
13.472	2.78554427	2.61870206
13.474	0.42288949	1.12756223
13.476	0.0139638	0.70896937
13.478	0.0035471	0.55751546
13.48	0.08079075	0.72651004
13.482	1.31532166	1.12296104
13.484	0.33740227	4.75423121
13.486	0.36638937	3.10367237
13.488	0.16826302	2.22016733
13.49	0.15509255	1.85198587
13.492	0.06228961	1.41236101
13.494	0.11516244	1.30408366
13.496	0.38212704	1.69261534
13.498	2.35988983	3.4350172
13.5	2.09274013	2.74607623
13.502	0.55554373	2.79882141
13.504	1.23726211	1.26641749
13.506	0.04050312	0.74438337
13.508	0.02257026	0.57240277
13.51	0.04863758	0.61875911
13.512	0.024203	0.44140263
13.514	0.0025961	0.40855979
13.516	0.0127065	0.41712624
13.518	0.05804876	0.59497645
13.52	0.00753004	0.55038179
13.522	0.03013132	0.82456918
13.524	0.76990304	1.33652447
13.526	2.28606787	5.2868351
13.528	1.91126884	2.05120861
13.53	0.20373101	1.08508834
13.532	0.0112027	0.62967431
13.534	0.00147536	0.42632307
13.536	0.01596907	0.37041127
13.538	0.03142528	0.40368826
13.54	0.02025039	0.50805106
13.542	-0.0011675	0.367969
13.544	0.03244869	0.53325112
13.546	0.02086963	0.48924441
13.548	0.00611833	0.55572771
13.55	0.06041365	0.88670729
13.552	0.82303966	1.54941363
13.554	-0.551544	9.55336554
13.556	1.85293499	2.12768411
13.558	0.20435797	1.17030545
13.56	0.01488484	0.66300995
13.562	0.01067285	0.46851499
13.564	0.00865399	0.38067878
13.566	0.00614053	0.38020792
13.568	0.09619168	0.54537692
13.57	0.02143726	0.53395927
13.572	0.05878242	0.60483069
13.574	0.03850002	0.51017618
13.576	0.03338541	0.61385952
13.578	0.06852226	0.96369815
13.58	0.81738265	1.69047351
13.582	-0.2130674	9.3033568
13.584	2.08395679	2.40486512
13.586	0.26620468	1.2901251
13.588	0.02788758	0.74539499
13.59	0.02798746	0.52979459
13.592	0.00354288	0.41077346
13.594	0.00188834	0.35156551
13.596	-0.0002118	0.36988201
13.598	0.09741457	0.68138853
13.6	0.05250852	0.58397733
13.602	0.00179673	0.46549994
13.604	0.03520114	0.63083377
13.606	0.05471155	0.963848
13.608	0.72963554	1.61914436
13.61	2.01242802	5.75128946
13.612	2.56147565	3.21439877
13.614	0.52370087	1.44834243
13.616	0.03155955	0.84817787
13.618	0.02219182	0.57535241
13.62	0.00675094	0.45632439
13.622	-0.0010804	0.36749393
13.624	-0.0008063	0.36254741
13.626	0.05193724	0.52191914
13.628	0.03270834	0.80843139
13.63	-0.0007364	0.50883891
13.632	0.00887748	0.61872294
13.634	0.0445737	0.94405482
13.636	0.4630446	1.52110423
13.638	2.56498276	3.41457411
13.64	-4.9633215	12.8536708
13.642	0.84544585	1.683553
13.644	0.06892573	1.00039044
13.646	0.01139177	0.64740744
13.648	0.0417659	0.5159815
13.65	-0.0007771	0.39329626
13.652	0.01688457	0.39874414
13.654	0.02856905	0.48545311
13.656	0.02250941	0.56258741
13.658	0.07248969	0.72233383
13.66	-0.0002075	0.63609063
13.662	0.06012252	0.79492637
13.664	0.20393099	1.36215919
13.666	1.77966015	2.38656236
13.668	27.7251474	-11.846575
13.67	1.08896262	2.78587161
13.672	0.2210519	1.25327079
13.674	0.01844266	0.79958877
13.676	0.00078535	0.60969483
13.678	0.0312773	0.68456613
13.68	0.62541516	0.87478927
13.682	1.68195327	1.32068184
13.684	0.14830151	0.82394219
13.686	0.01926834	0.63046626
13.688	0.14037395	0.88395968
13.69	0.01678963	0.88741535
13.692	0.1255863	1.139283
13.694	0.83190525	2.09974495
13.696	1.29988833	8.17326643
13.698	2.23636383	3.0110964
13.7	0.35098359	1.96464455
13.702	0.07664831	0.94971589
13.704	0.06073225	0.72870389
13.706	0.01353029	0.55003826
13.708	0.05678122	0.59791572
13.71	0.27917462	1.17129389
13.712	0.16867777	1.26796899
13.714	1.35667111	0.88263252
13.716	0.02953034	0.74065878
13.718	0.02240878	0.72201542
13.72	0.02153899	1.15470914
13.722	0.24718175	1.53025673
13.724	2.05655332	2.45961399
13.726	4.35636243	5.90207065
13.728	0.98220317	1.87867742
13.73	0.10061652	1.41844336
13.732	0.03077375	0.72101238
13.734	0.00693156	0.53938447
13.736	0.01054613	0.52118204
13.738	0.00865342	0.40583892
13.74	0.02731124	0.53506171
13.742	0.00186916	0.43617175
13.744	-0.0001003	0.39126989
13.746	0.01501294	0.50307156
13.748	0.03226511	0.62258063
13.75	0.17264024	1.07394547
13.752	0.50580945	1.72040133
13.754	2.81951221	4.16551854
13.756	2.19584513	2.6395247
13.758	0.32164173	1.4051207
13.76	0.0315304	1.05546321
13.762	0.0093894	0.5723671
13.764	9.58E-05	0.44088508
13.766	0.01949287	0.45708941
13.768	0.03346065	0.55740284
13.77	0.01548669	0.4948827
13.772	-0.000585	0.36424693
13.774	0.00867469	0.38479154
13.776	0.02690709	0.45937501
13.778	0.01118257	0.58301123
13.78	0.0646537	0.96416455
13.782	1.1441964	1.59527666
13.784	4.28140066	5.95981894
13.786	1.2250269	1.60265429
13.788	0.08753027	1.01169254
13.79	0.01691413	0.84608025
13.792	0.02958878	0.55194129
13.794	-0.000945	0.40290795
13.796	-0.0009545	0.40218657
13.798	0.11673918	0.59562534
13.8	0.04455038	0.48528954
13.802	-0.0012914	0.35922472
13.804	0.02581925	0.39442652
13.806	0.04106365	0.46549864
13.808	0.01201642	0.58822568
13.81	0.03336387	0.93764424
13.812	0.93826068	1.50531141
13.814	2.944105	2.89081416
13.816	0.42413363	1.27475506
13.818	0.02707658	0.83856086
13.82	0.06283875	0.82072961
13.822	0.05428809	0.63515484
13.824	0.04669148	0.53903513
13.826	0.10074515	0.53442902
13.828	0.00223252	0.50965085
13.83	0.2049299	0.8767096
13.832	0.08072233	0.64274577
13.834	0.07615418	0.56478336
13.836	0.01680208	0.55309131
13.838	0.04943118	0.65612998
13.84	0.14448972	1.0251269
13.842	0.46382274	1.17523608
13.844	1.39627038	1.39882954
13.846	0.07308429	1.17755736
13.848	0.01729693	0.8842871
13.85	0.02235239	0.9661318
13.852	0.00991863	1.12989796
13.854	0.03481164	1.24164626
13.856	0.00668843	1.27549955
13.858	0.25067399	1.69974847
13.86	0.09022402	2.87067214
13.862	0.57569106	3.71942605
13.864	0.14221316	3.77825476
13.866	0.28366925	4.43877204
13.868	-0.0764292	6.29381444
13.87	4.90513514	5.70954659
13.872	27.7251474	-11.846575
13.874	27.7251474	-11.846575
13.876	27.7251474	-11.846575
13.878	27.7251474	-11.846575
13.88	27.7251474	-11.846575
13.882	27.7251474	-11.846575
13.884	27.7251474	-11.846575
13.886	27.7251474	-11.846575
13.888	27.7251474	-11.846575
13.89	27.7251474	-11.846575
13.892	27.7251474	-11.846575
13.894	27.7251474	-11.846575
13.896	27.7251474	-11.846575
13.898	27.7251474	-11.846575
13.9	23.6329612	-8.6213209
13.902	-1.9939734	10.6899081
13.904	0.19785481	6.25902771
13.906	0.90012101	6.1636837
13.908	0.57278062	3.9628802
13.91	1.15299696	3.11625044
13.912	1.25950766	2.98676971
13.914	0.37338735	2.78389993
13.916	0.82561046	3.95525674
13.918	1.82854211	5.03679147
13.92	2.03650509	2.73272331
13.922	0.10422343	2.44005398
13.924	0.29307277	2.23747339
13.926	1.55908008	2.39565226
13.928	0.38216009	1.22325036
13.93	0.12140549	1.13545318
13.932	0.15233204	0.98090583
13.934	0.0426328	0.95447638
13.936	0.04428456	0.80089682
13.938	0.08765367	0.8669951
13.94	0.0166148	0.78256129
13.942	0.08575808	0.88765015
13.944	0.04865677	1.31276514
13.946	0.52072307	1.50400232
13.948	2.67686561	2.90360208
13.95	2.65337816	3.69191598
13.952	0.39452538	1.957254
13.954	0.09030869	1.29820906
13.956	0.17712698	1.31593991
13.958	2.15528999	2.39217545
13.96	0.35346231	1.1996908
13.962	0.12804119	1.08226962
13.964	0.01092974	0.76860088
13.966	0.03397992	0.77684667
13.968	0.01878706	0.64494399
13.97	0.02309552	0.65390432
13.972	0.09760219	0.75184323
13.974	0.03697021	0.94041095
13.976	0.15257291	1.61668747
13.978	1.56905894	2.54233743
13.98	24.0864096	-8.978706
13.982	1.25739472	2.18603585
13.984	0.12284284	1.58823443
13.986	0.0337568	1.2137905
13.988	0.25710602	1.42613705
13.99	2.8286445	2.57747829
13.992	0.50049986	2.546703
13.994	0.22461568	1.1569947
13.996	0.05226321	1.09279946
13.998	0.00591758	0.71210548
